43 189 477 609 
44 190 478 610 
45 191 479 611 
46 192 480 612 
47 193 481 613 
48 194 482 614 
49 195 483 615 
50 196 484 616 
51 197 485 617 
52 198 432 618 
53 199 433 619 
0 200 434 620 
1 201 435 621 
2 202 436 622 
3 203 437 623 
4 204 438 624 
5 205 439 625 
6 206 440 626 
7 207 441 627 
8 208 442 628 
9 209 443 629 
10 210 444 630 
11 211 445 631 
12 212 446 632 
13 213 447 633 
14 214 448 634 
15 215 449 635 
16 162 450 636 
17 163 451 637 
18 164 452 638 
19 165 453 639 
20 166 454 640 
21 167 455 641 
22 168 456 642 
23 169 457 643 
24 170 458 644 
25 171 459 645 
26 172 460 646 
27 173 461 647 
28 174 462 594 
29 175 463 595 
30 176 464 596 
31 177 465 597 
32 178 466 598 
33 179 467 599 
34 180 468 600 
35 181 469 601 
36 182 470 602 
37 183 471 603 
38 184 472 604 
39 185 473 605 
40 186 474 606 
41 187 475 607 
42 188 476 608 
83 228 403 590 
84 229 404 591 
85 230 405 592 
86 231 406 593 
87 232 407 540 
88 233 408 541 
89 234 409 542 
90 235 410 543 
91 236 411 544 
92 237 412 545 
93 238 413 546 
94 239 414 547 
95 240 415 548 
96 241 416 549 
97 242 417 550 
98 243 418 551 
99 244 419 552 
100 245 420 553 
101 246 421 554 
102 247 422 555 
103 248 423 556 
104 249 424 557 
105 250 425 558 
106 251 426 559 
107 252 427 560 
54 253 428 561 
55 254 429 562 
56 255 430 563 
57 256 431 564 
58 257 378 565 
59 258 379 566 
60 259 380 567 
61 260 381 568 
62 261 382 569 
63 262 383 570 
64 263 384 571 
65 264 385 572 
66 265 386 573 
67 266 387 574 
68 267 388 575 
69 268 389 576 
70 269 390 577 
71 216 391 578 
72 217 392 579 
73 218 393 580 
74 219 394 581 
75 220 395 582 
76 221 396 583 
77 222 397 584 
78 223 398 585 
79 224 399 586 
80 225 400 587 
81 226 401 588 
82 227 402 589 
118 300 338 487 
119 301 339 488 
120 302 340 489 
121 303 341 490 
122 304 342 491 
123 305 343 492 
124 306 344 493 
125 307 345 494 
126 308 346 495 
127 309 347 496 
128 310 348 497 
129 311 349 498 
130 312 350 499 
131 313 351 500 
132 314 352 501 
133 315 353 502 
134 316 354 503 
135 317 355 504 
136 318 356 505 
137 319 357 506 
138 320 358 507 
139 321 359 508 
140 322 360 509 
141 323 361 510 
142 270 362 511 
143 271 363 512 
144 272 364 513 
145 273 365 514 
146 274 366 515 
147 275 367 516 
148 276 368 517 
149 277 369 518 
150 278 370 519 
151 279 371 520 
152 280 372 521 
153 281 373 522 
154 282 374 523 
155 283 375 524 
156 284 376 525 
157 285 377 526 
158 286 324 527 
159 287 325 528 
160 288 326 529 
161 289 327 530 
108 290 328 531 
109 291 329 532 
110 292 330 533 
111 293 331 534 
112 294 332 535 
113 295 333 536 
114 296 334 537 
115 297 335 538 
116 298 336 539 
117 299 337 486 
158 248 378 631 
159 249 379 632 
160 250 380 633 
161 251 381 634 
108 252 382 635 
109 253 383 636 
110 254 384 637 
111 255 385 638 
112 256 386 639 
113 257 387 640 
114 258 388 641 
115 259 389 642 
116 260 390 643 
117 261 391 644 
118 262 392 645 
119 263 393 646 
120 264 394 647 
121 265 395 594 
122 266 396 595 
123 267 397 596 
124 268 398 597 
125 269 399 598 
126 216 400 599 
127 217 401 600 
128 218 402 601 
129 219 403 602 
130 220 404 603 
131 221 405 604 
132 222 406 605 
133 223 407 606 
134 224 408 607 
135 225 409 608 
136 226 410 609 
137 227 411 610 
138 228 412 611 
139 229 413 612 
140 230 414 613 
141 231 415 614 
142 232 416 615 
143 233 417 616 
144 234 418 617 
145 235 419 618 
146 236 420 619 
147 237 421 620 
148 238 422 621 
149 239 423 622 
150 240 424 623 
151 241 425 624 
152 242 426 625 
153 243 427 626 
154 244 428 627 
155 245 429 628 
156 246 430 629 
157 247 431 630 
27 182 479 590 
28 183 480 591 
29 184 481 592 
30 185 482 593 
31 186 483 540 
32 187 484 541 
33 188 485 542 
34 189 432 543 
35 190 433 544 
36 191 434 545 
37 192 435 546 
38 193 436 547 
39 194 437 548 
40 195 438 549 
41 196 439 550 
42 197 440 551 
43 198 441 552 
44 199 442 553 
45 200 443 554 
46 201 444 555 
47 202 445 556 
48 203 446 557 
49 204 447 558 
50 205 448 559 
51 206 449 560 
52 207 450 561 
53 208 451 562 
0 209 452 563 
1 210 453 564 
2 211 454 565 
3 212 455 566 
4 213 456 567 
5 214 457 568 
6 215 458 569 
7 162 459 570 
8 163 460 571 
9 164 461 572 
10 165 462 573 
11 166 463 574 
12 167 464 575 
13 168 465 576 
14 169 466 577 
15 170 467 578 
16 171 468 579 
17 172 469 580 
18 173 470 581 
19 174 471 582 
20 175 472 583 
21 176 473 584 
22 177 474 585 
23 178 475 586 
24 179 476 587 
25 180 477 588 
26 181 478 589 
77 314 343 537 
78 315 344 538 
79 316 345 539 
80 317 346 486 
81 318 347 487 
82 319 348 488 
83 320 349 489 
84 321 350 490 
85 322 351 491 
86 323 352 492 
87 270 353 493 
88 271 354 494 
89 272 355 495 
90 273 356 496 
91 274 357 497 
92 275 358 498 
93 276 359 499 
94 277 360 500 
95 278 361 501 
96 279 362 502 
97 280 363 503 
98 281 364 504 
99 282 365 505 
100 283 366 506 
101 284 367 507 
102 285 368 508 
103 286 369 509 
104 287 370 510 
105 288 371 511 
106 289 372 512 
107 290 373 513 
54 291 374 514 
55 292 375 515 
56 293 376 516 
57 294 377 517 
58 295 324 518 
59 296 325 519 
60 297 326 520 
61 298 327 521 
62 299 328 522 
63 300 329 523 
64 301 330 524 
65 302 331 525 
66 303 332 526 
67 304 333 527 
68 305 334 528 
69 306 335 529 
70 307 336 530 
71 308 337 531 
72 309 338 532 
73 310 339 533 
74 311 340 534 
75 312 341 535 
76 313 342 536 
79 196 466 612 
80 197 467 613 
81 198 468 614 
82 199 469 615 
83 200 470 616 
84 201 471 617 
85 202 472 618 
86 203 473 619 
87 204 474 620 
88 205 475 621 
89 206 476 622 
90 207 477 623 
91 208 478 624 
92 209 479 625 
93 210 480 626 
94 211 481 627 
95 212 482 628 
96 213 483 629 
97 214 484 630 
98 215 485 631 
99 162 432 632 
100 163 433 633 
101 164 434 634 
102 165 435 635 
103 166 436 636 
104 167 437 637 
105 168 438 638 
106 169 439 639 
107 170 440 640 
54 171 441 641 
55 172 442 642 
56 173 443 643 
57 174 444 644 
58 175 445 645 
59 176 446 646 
60 177 447 647 
61 178 448 594 
62 179 449 595 
63 180 450 596 
64 181 451 597 
65 182 452 598 
66 183 453 599 
67 184 454 600 
68 185 455 601 
69 186 456 602 
70 187 457 603 
71 188 458 604 
72 189 459 605 
73 190 460 606 
74 191 461 607 
75 192 462 608 
76 193 463 609 
77 194 464 610 
78 195 465 611 
151 259 403 589 
152 260 404 590 
153 261 405 591 
154 262 406 592 
155 263 407 593 
156 264 408 540 
157 265 409 541 
158 266 410 542 
159 267 411 543 
160 268 412 544 
161 269 413 545 
108 216 414 546 
109 217 415 547 
110 218 416 548 
111 219 417 549 
112 220 418 550 
113 221 419 551 
114 222 420 552 
115 223 421 553 
116 224 422 554 
117 225 423 555 
118 226 424 556 
119 227 425 557 
120 228 426 558 
121 229 427 559 
122 230 428 560 
123 231 429 561 
124 232 430 562 
125 233 431 563 
126 234 378 564 
127 235 379 565 
128 236 380 566 
129 237 381 567 
130 238 382 568 
131 239 383 569 
132 240 384 570 
133 241 385 571 
134 242 386 572 
135 243 387 573 
136 244 388 574 
137 245 389 575 
138 246 390 576 
139 247 391 577 
140 248 392 578 
141 249 393 579 
142 250 394 580 
143 251 395 581 
144 252 396 582 
145 253 397 583 
146 254 398 584 
147 255 399 585 
148 256 400 586 
149 257 401 587 
150 258 402 588 
21 314 347 514 
22 315 348 515 
23 316 349 516 
24 317 350 517 
25 318 351 518 
26 319 352 519 
27 320 353 520 
28 321 354 521 
29 322 355 522 
30 323 356 523 
31 270 357 524 
32 271 358 525 
33 272 359 526 
34 273 360 527 
35 274 361 528 
36 275 362 529 
37 276 363 530 
38 277 364 531 
39 278 365 532 
40 279 366 533 
41 280 367 534 
42 281 368 535 
43 282 369 536 
44 283 370 537 
45 284 371 538 
46 285 372 539 
47 286 373 486 
48 287 374 487 
49 288 375 488 
50 289 376 489 
51 290 377 490 
52 291 324 491 
53 292 325 492 
0 293 326 493 
1 294 327 494 
2 295 328 495 
3 296 329 496 
4 297 330 497 
5 298 331 498 
6 299 332 499 
7 300 333 500 
8 301 334 501 
9 302 335 502 
10 303 336 503 
11 304 337 504 
12 305 338 505 
13 306 339 506 
14 307 340 507 
15 308 341 508 
16 309 342 509 
17 310 343 510 
18 311 344 511 
19 312 345 512 
20 313 346 513 
38 196 359 614 
39 197 360 615 
40 198 361 616 
41 199 362 617 
42 200 363 618 
43 201 364 619 
44 202 365 620 
45 203 366 621 
46 204 367 622 
47 205 368 623 
48 206 369 624 
49 207 370 625 
50 208 371 626 
51 209 372 627 
52 210 373 628 
53 211 374 629 
0 212 375 630 
1 213 376 631 
2 214 377 632 
3 215 324 633 
4 162 325 634 
5 163 326 635 
6 164 327 636 
7 165 328 637 
8 166 329 638 
9 167 330 639 
10 168 331 640 
11 169 332 641 
12 170 333 642 
13 171 334 643 
14 172 335 644 
15 173 336 645 
16 174 337 646 
17 175 338 647 
18 176 339 594 
19 177 340 595 
20 178 341 596 
21 179 342 597 
22 180 343 598 
23 181 344 599 
24 182 345 600 
25 183 346 601 
26 184 347 602 
27 185 348 603 
28 186 349 604 
29 187 350 605 
30 188 351 606 
31 189 352 607 
32 190 353 608 
33 191 354 609 
34 192 355 610 
35 193 356 611 
36 194 357 612 
37 195 358 613 
79 306 427 537 
80 307 428 538 
81 308 429 539 
82 309 430 486 
83 310 431 487 
84 311 378 488 
85 312 379 489 
86 313 380 490 
87 314 381 491 
88 315 382 492 
89 316 383 493 
90 317 384 494 
91 318 385 495 
92 319 386 496 
93 320 387 497 
94 321 388 498 
95 322 389 499 
96 323 390 500 
97 270 391 501 
98 271 392 502 
99 272 393 503 
100 273 394 504 
101 274 395 505 
102 275 396 506 
103 276 397 507 
104 277 398 508 
105 278 399 509 
106 279 400 510 
107 280 401 511 
54 281 402 512 
55 282 403 513 
56 283 404 514 
57 284 405 515 
58 285 406 516 
59 286 407 517 
60 287 408 518 
61 288 409 519 
62 289 410 520 
63 290 411 521 
64 291 412 522 
65 292 413 523 
66 293 414 524 
67 294 415 525 
68 295 416 526 
69 296 417 527 
70 297 418 528 
71 298 419 529 
72 299 420 530 
73 300 421 531 
74 301 422 532 
75 302 423 533 
76 303 424 534 
77 304 425 535 
78 305 426 536 
160 226 485 581 
161 227 432 582 
108 228 433 583 
109 229 434 584 
110 230 435 585 
111 231 436 586 
112 232 437 587 
113 233 438 588 
114 234 439 589 
115 235 440 590 
116 236 441 591 
117 237 442 592 
118 238 443 593 
119 239 444 540 
120 240 445 541 
121 241 446 542 
122 242 447 543 
123 243 448 544 
124 244 449 545 
125 245 450 546 
126 246 451 547 
127 247 452 548 
128 248 453 549 
129 249 454 550 
130 250 455 551 
131 251 456 552 
132 252 457 553 
133 253 458 554 
134 254 459 555 
135 255 460 556 
136 256 461 557 
137 257 462 558 
138 258 463 559 
139 259 464 560 
140 260 465 561 
141 261 466 562 
142 262 467 563 
143 263 468 564 
144 264 469 565 
145 265 470 566 
146 266 471 567 
147 267 472 568 
148 268 473 569 
149 269 474 570 
150 216 475 571 
151 217 476 572 
152 218 477 573 
153 219 478 574 
154 220 479 575 
155 221 480 576 
156 222 481 577 
157 223 482 578 
158 224 483 579 
159 225 484 580 
112 322 375 552 
113 323 376 553 
114 270 377 554 
115 271 324 555 
116 272 325 556 
117 273 326 557 
118 274 327 558 
119 275 328 559 
120 276 329 560 
121 277 330 561 
122 278 331 562 
123 279 332 563 
124 280 333 564 
125 281 334 565 
126 282 335 566 
127 283 336 567 
128 284 337 568 
129 285 338 569 
130 286 339 570 
131 287 340 571 
132 288 341 572 
133 289 342 573 
134 290 343 574 
135 291 344 575 
136 292 345 576 
137 293 346 577 
138 294 347 578 
139 295 348 579 
140 296 349 580 
141 297 350 581 
142 298 351 582 
143 299 352 583 
144 300 353 584 
145 301 354 585 
146 302 355 586 
147 303 356 587 
148 304 357 588 
149 305 358 589 
150 306 359 590 
151 307 360 591 
152 308 361 592 
153 309 362 593 
154 310 363 540 
155 311 364 541 
156 312 365 542 
157 313 366 543 
158 314 367 544 
159 315 368 545 
160 316 369 546 
161 317 370 547 
108 318 371 548 
109 319 372 549 
110 320 373 550 
111 321 374 551 
10 203 467 602 
11 204 468 603 
12 205 469 604 
13 206 470 605 
14 207 471 606 
15 208 472 607 
16 209 473 608 
17 210 474 609 
18 211 475 610 
19 212 476 611 
20 213 477 612 
21 214 478 613 
22 215 479 614 
23 162 480 615 
24 163 481 616 
25 164 482 617 
26 165 483 618 
27 166 484 619 
28 167 485 620 
29 168 432 621 
30 169 433 622 
31 170 434 623 
32 171 435 624 
33 172 436 625 
34 173 437 626 
35 174 438 627 
36 175 439 628 
37 176 440 629 
38 177 441 630 
39 178 442 631 
40 179 443 632 
41 180 444 633 
42 181 445 634 
43 182 446 635 
44 183 447 636 
45 184 448 637 
46 185 449 638 
47 186 450 639 
48 187 451 640 
49 188 452 641 
50 189 453 642 
51 190 454 643 
52 191 455 644 
53 192 456 645 
0 193 457 646 
1 194 458 647 
2 195 459 594 
3 196 460 595 
4 197 461 596 
5 198 462 597 
6 199 463 598 
7 200 464 599 
8 201 465 600 
9 202 466 601 
72 266 385 510 
73 267 386 511 
74 268 387 512 
75 269 388 513 
76 216 389 514 
77 217 390 515 
78 218 391 516 
79 219 392 517 
80 220 393 518 
81 221 394 519 
82 222 395 520 
83 223 396 521 
84 224 397 522 
85 225 398 523 
86 226 399 524 
87 227 400 525 
88 228 401 526 
89 229 402 527 
90 230 403 528 
91 231 404 529 
92 232 405 530 
93 233 406 531 
94 234 407 532 
95 235 408 533 
96 236 409 534 
97 237 410 535 
98 238 411 536 
99 239 412 537 
100 240 413 538 
101 241 414 539 
102 242 415 486 
103 243 416 487 
104 244 417 488 
105 245 418 489 
106 246 419 490 
107 247 420 491 
54 248 421 492 
55 249 422 493 
56 250 423 494 
57 251 424 495 
58 252 425 496 
59 253 426 497 
60 254 427 498 
61 255 428 499 
62 256 429 500 
63 257 430 501 
64 258 431 502 
65 259 378 503 
66 260 379 504 
67 261 380 505 
68 262 381 506 
69 263 382 507 
70 264 383 508 
71 265 384 509 
110 256 336 544 
111 257 337 545 
112 258 338 546 
113 259 339 547 
114 260 340 548 
115 261 341 549 
116 262 342 550 
117 263 343 551 
118 264 344 552 
119 265 345 553 
120 266 346 554 
121 267 347 555 
122 268 348 556 
123 269 349 557 
124 216 350 558 
125 217 351 559 
126 218 352 560 
127 219 353 561 
128 220 354 562 
129 221 355 563 
130 222 356 564 
131 223 357 565 
132 224 358 566 
133 225 359 567 
134 226 360 568 
135 227 361 569 
136 228 362 570 
137 229 363 571 
138 230 364 572 
139 231 365 573 
140 232 366 574 
141 233 367 575 
142 234 368 576 
143 235 369 577 
144 236 370 578 
145 237 371 579 
146 238 372 580 
147 239 373 581 
148 240 374 582 
149 241 375 583 
150 242 376 584 
151 243 377 585 
152 244 324 586 
153 245 325 587 
154 246 326 588 
155 247 327 589 
156 248 328 590 
157 249 329 591 
158 250 330 592 
159 251 331 593 
160 252 332 540 
161 253 333 541 
108 254 334 542 
109 255 335 543 
10 189 481 636 
11 190 482 637 
12 191 483 638 
13 192 484 639 
14 193 485 640 
15 194 432 641 
16 195 433 642 
17 196 434 643 
18 197 435 644 
19 198 436 645 
20 199 437 646 
21 200 438 647 
22 201 439 594 
23 202 440 595 
24 203 441 596 
25 204 442 597 
26 205 443 598 
27 206 444 599 
28 207 445 600 
29 208 446 601 
30 209 447 602 
31 210 448 603 
32 211 449 604 
33 212 450 605 
34 213 451 606 
35 214 452 607 
36 215 453 608 
37 162 454 609 
38 163 455 610 
39 164 456 611 
40 165 457 612 
41 166 458 613 
42 167 459 614 
43 168 460 615 
44 169 461 616 
45 170 462 617 
46 171 463 618 
47 172 464 619 
48 173 465 620 
49 174 466 621 
50 175 467 622 
51 176 468 623 
52 177 469 624 
53 178 470 625 
0 179 471 626 
1 180 472 627 
2 181 473 628 
3 182 474 629 
4 183 475 630 
5 184 476 631 
6 185 477 632 
7 186 478 633 
8 187 479 634 
9 188 480 635 
74 305 404 535 
75 306 405 536 
76 307 406 537 
77 308 407 538 
78 309 408 539 
79 310 409 486 
80 311 410 487 
81 312 411 488 
82 313 412 489 
83 314 413 490 
84 315 414 491 
85 316 415 492 
86 317 416 493 
87 318 417 494 
88 319 418 495 
89 320 419 496 
90 321 420 497 
91 322 421 498 
92 323 422 499 
93 270 423 500 
94 271 424 501 
95 272 425 502 
96 273 426 503 
97 274 427 504 
98 275 428 505 
99 276 429 506 
100 277 430 507 
101 278 431 508 
102 279 378 509 
103 280 379 510 
104 281 380 511 
105 282 381 512 
106 283 382 513 
107 284 383 514 
54 285 384 515 
55 286 385 516 
56 287 386 517 
57 288 387 518 
58 289 388 519 
59 290 389 520 
60 291 390 521 
61 292 391 522 
62 293 392 523 
63 294 393 524 
64 295 394 525 
65 296 395 526 
66 297 396 527 
67 298 397 528 
68 299 398 529 
69 300 399 530 
70 301 400 531 
71 302 401 532 
72 303 402 533 
73 304 403 534 
46 212 461 640 
47 213 462 641 
48 214 463 642 
49 215 464 643 
50 162 465 644 
51 163 466 645 
52 164 467 646 
53 165 468 647 
0 166 469 594 
1 167 470 595 
2 168 471 596 
3 169 472 597 
4 170 473 598 
5 171 474 599 
6 172 475 600 
7 173 476 601 
8 174 477 602 
9 175 478 603 
10 176 479 604 
11 177 480 605 
12 178 481 606 
13 179 482 607 
14 180 483 608 
15 181 484 609 
16 182 485 610 
17 183 432 611 
18 184 433 612 
19 185 434 613 
20 186 435 614 
21 187 436 615 
22 188 437 616 
23 189 438 617 
24 190 439 618 
25 191 440 619 
26 192 441 620 
27 193 442 621 
28 194 443 622 
29 195 444 623 
30 196 445 624 
31 197 446 625 
32 198 447 626 
33 199 448 627 
34 200 449 628 
35 201 450 629 
36 202 451 630 
37 203 452 631 
38 204 453 632 
39 205 454 633 
40 206 455 634 
41 207 456 635 
42 208 457 636 
43 209 458 637 
44 210 459 638 
45 211 460 639 
93 286 336 505 
94 287 337 506 
95 288 338 507 
96 289 339 508 
97 290 340 509 
98 291 341 510 
99 292 342 511 
100 293 343 512 
101 294 344 513 
102 295 345 514 
103 296 346 515 
104 297 347 516 
105 298 348 517 
106 299 349 518 
107 300 350 519 
54 301 351 520 
55 302 352 521 
56 303 353 522 
57 304 354 523 
58 305 355 524 
59 306 356 525 
60 307 357 526 
61 308 358 527 
62 309 359 528 
63 310 360 529 
64 311 361 530 
65 312 362 531 
66 313 363 532 
67 314 364 533 
68 315 365 534 
69 316 366 535 
70 317 367 536 
71 318 368 537 
72 319 369 538 
73 320 370 539 
74 321 371 486 
75 322 372 487 
76 323 373 488 
77 270 374 489 
78 271 375 490 
79 272 376 491 
80 273 377 492 
81 274 324 493 
82 275 325 494 
83 276 326 495 
84 277 327 496 
85 278 328 497 
86 279 329 498 
87 280 330 499 
88 281 331 500 
89 282 332 501 
90 283 333 502 
91 284 334 503 
92 285 335 504 
132 225 404 558 
133 226 405 559 
134 227 406 560 
135 228 407 561 
136 229 408 562 
137 230 409 563 
138 231 410 564 
139 232 411 565 
140 233 412 566 
141 234 413 567 
142 235 414 568 
143 236 415 569 
144 237 416 570 
145 238 417 571 
146 239 418 572 
147 240 419 573 
148 241 420 574 
149 242 421 575 
150 243 422 576 
151 244 423 577 
152 245 424 578 
153 246 425 579 
154 247 426 580 
155 248 427 581 
156 249 428 582 
157 250 429 583 
158 251 430 584 
159 252 431 585 
160 253 378 586 
161 254 379 587 
108 255 380 588 
109 256 381 589 
110 257 382 590 
111 258 383 591 
112 259 384 592 
113 260 385 593 
114 261 386 540 
115 262 387 541 
116 263 388 542 
117 264 389 543 
118 265 390 544 
119 266 391 545 
120 267 392 546 
121 268 393 547 
122 269 394 548 
123 216 395 549 
124 217 396 550 
125 218 397 551 
126 219 398 552 
127 220 399 553 
128 221 400 554 
129 222 401 555 
130 223 402 556 
131 224 403 557 
129 253 391 556 
130 254 392 557 
131 255 393 558 
132 256 394 559 
133 257 395 560 
134 258 396 561 
135 259 397 562 
136 260 398 563 
137 261 399 564 
138 262 400 565 
139 263 401 566 
140 264 402 567 
141 265 403 568 
142 266 404 569 
143 267 405 570 
144 268 406 571 
145 269 407 572 
146 216 408 573 
147 217 409 574 
148 218 410 575 
149 219 411 576 
150 220 412 577 
151 221 413 578 
152 222 414 579 
153 223 415 580 
154 224 416 581 
155 225 417 582 
156 226 418 583 
157 227 419 584 
158 228 420 585 
159 229 421 586 
160 230 422 587 
161 231 423 588 
108 232 424 589 
109 233 425 590 
110 234 426 591 
111 235 427 592 
112 236 428 593 
113 237 429 540 
114 238 430 541 
115 239 431 542 
116 240 378 543 
117 241 379 544 
118 242 380 545 
119 243 381 546 
120 244 382 547 
121 245 383 548 
122 246 384 549 
123 247 385 550 
124 248 386 551 
125 249 387 552 
126 250 388 553 
127 251 389 554 
128 252 390 555 
91 293 339 496 
92 294 340 497 
93 295 341 498 
94 296 342 499 
95 297 343 500 
96 298 344 501 
97 299 345 502 
98 300 346 503 
99 301 347 504 
100 302 348 505 
101 303 349 506 
102 304 350 507 
103 305 351 508 
104 306 352 509 
105 307 353 510 
106 308 354 511 
107 309 355 512 
54 310 356 513 
55 311 357 514 
56 312 358 515 
57 313 359 516 
58 314 360 517 
59 315 361 518 
60 316 362 519 
61 317 363 520 
62 318 364 521 
63 319 365 522 
64 320 366 523 
65 321 367 524 
66 322 368 525 
67 323 369 526 
68 270 370 527 
69 271 371 528 
70 272 372 529 
71 273 373 530 
72 274 374 531 
73 275 375 532 
74 276 376 533 
75 277 377 534 
76 278 324 535 
77 279 325 536 
78 280 326 537 
79 281 327 538 
80 282 328 539 
81 283 329 486 
82 284 330 487 
83 285 331 488 
84 286 332 489 
85 287 333 490 
86 288 334 491 
87 289 335 492 
88 290 336 493 
89 291 337 494 
90 292 338 495 
0 189 445 633 
1 190 446 634 
2 191 447 635 
3 192 448 636 
4 193 449 637 
5 194 450 638 
6 195 451 639 
7 196 452 640 
8 197 453 641 
9 198 454 642 
10 199 455 643 
11 200 456 644 
12 201 457 645 
13 202 458 646 
14 203 459 647 
15 204 460 594 
16 205 461 595 
17 206 462 596 
18 207 463 597 
19 208 464 598 
20 209 465 599 
21 210 466 600 
22 211 467 601 
23 212 468 602 
24 213 469 603 
25 214 470 604 
26 215 471 605 
27 162 472 606 
28 163 473 607 
29 164 474 608 
30 165 475 609 
31 166 476 610 
32 167 477 611 
33 168 478 612 
34 169 479 613 
35 170 480 614 
36 171 481 615 
37 172 482 616 
38 173 483 617 
39 174 484 618 
40 175 485 619 
41 176 432 620 
42 177 433 621 
43 178 434 622 
44 179 435 623 
45 180 436 624 
46 181 437 625 
47 182 438 626 
48 183 439 627 
49 184 440 628 
50 185 441 629 
51 186 442 630 
52 187 443 631 
53 188 444 632 
