0 156 231 308 
1 157 232 309 
2 79 233 310 
3 80 234 311 
4 81 235 312 
5 82 236 313 
6 83 158 314 
7 84 159 315 
8 85 160 237 
9 86 161 238 
10 87 162 239 
11 88 163 240 
12 89 164 241 
13 90 165 242 
14 91 166 243 
15 92 167 244 
16 93 168 245 
17 94 169 246 
18 95 170 247 
19 96 171 248 
20 97 172 249 
21 98 173 250 
22 99 174 251 
23 100 175 252 
24 101 176 253 
25 102 177 254 
26 103 178 255 
27 104 179 256 
28 105 180 257 
29 106 181 258 
30 107 182 259 
31 108 183 260 
32 109 184 261 
33 110 185 262 
34 111 186 263 
35 112 187 264 
36 113 188 265 
37 114 189 266 
38 115 190 267 
39 116 191 268 
40 117 192 269 
41 118 193 270 
42 119 194 271 
43 120 195 272 
44 121 196 273 
45 122 197 274 
46 123 198 275 
47 124 199 276 
48 125 200 277 
49 126 201 278 
50 127 202 279 
51 128 203 280 
52 129 204 281 
53 130 205 282 
54 131 206 283 
55 132 207 284 
56 133 208 285 
57 134 209 286 
58 135 210 287 
59 136 211 288 
60 137 212 289 
61 138 213 290 
62 139 214 291 
63 140 215 292 
64 141 216 293 
65 142 217 294 
66 143 218 295 
67 144 219 296 
68 145 220 297 
69 146 221 298 
70 147 222 299 
71 148 223 300 
72 149 224 301 
73 150 225 302 
74 151 226 303 
75 152 227 304 
76 153 228 305 
77 154 229 306 
78 155 230 307 
0 152 219 292 
1 153 220 293 
2 154 221 294 
3 155 222 295 
4 156 223 296 
5 157 224 297 
6 79 225 298 
7 80 226 299 
8 81 227 300 
9 82 228 301 
10 83 229 302 
11 84 230 303 
12 85 231 304 
13 86 232 305 
14 87 233 306 
15 88 234 307 
16 89 235 308 
17 90 236 309 
18 91 158 310 
19 92 159 311 
20 93 160 312 
21 94 161 313 
22 95 162 314 
23 96 163 315 
24 97 164 237 
25 98 165 238 
26 99 166 239 
27 100 167 240 
28 101 168 241 
29 102 169 242 
30 103 170 243 
31 104 171 244 
32 105 172 245 
33 106 173 246 
34 107 174 247 
35 108 175 248 
36 109 176 249 
37 110 177 250 
38 111 178 251 
39 112 179 252 
40 113 180 253 
41 114 181 254 
42 115 182 255 
43 116 183 256 
44 117 184 257 
45 118 185 258 
46 119 186 259 
47 120 187 260 
48 121 188 261 
49 122 189 262 
50 123 190 263 
51 124 191 264 
52 125 192 265 
53 126 193 266 
54 127 194 267 
55 128 195 268 
56 129 196 269 
57 130 197 270 
58 131 198 271 
59 132 199 272 
60 133 200 273 
61 134 201 274 
62 135 202 275 
63 136 203 276 
64 137 204 277 
65 138 205 278 
66 139 206 279 
67 140 207 280 
68 141 208 281 
69 142 209 282 
70 143 210 283 
71 144 211 284 
72 145 212 285 
73 146 213 286 
74 147 214 287 
75 148 215 288 
76 149 216 289 
77 150 217 290 
78 151 218 291 
0 151 216 288 
1 152 217 289 
2 153 218 290 
3 154 219 291 
4 155 220 292 
5 156 221 293 
6 157 222 294 
7 79 223 295 
8 80 224 296 
9 81 225 297 
10 82 226 298 
11 83 227 299 
12 84 228 300 
13 85 229 301 
14 86 230 302 
15 87 231 303 
16 88 232 304 
17 89 233 305 
18 90 234 306 
19 91 235 307 
20 92 236 308 
21 93 158 309 
22 94 159 310 
23 95 160 311 
24 96 161 312 
25 97 162 313 
26 98 163 314 
27 99 164 315 
28 100 165 237 
29 101 166 238 
30 102 167 239 
31 103 168 240 
32 104 169 241 
33 105 170 242 
34 106 171 243 
35 107 172 244 
36 108 173 245 
37 109 174 246 
38 110 175 247 
39 111 176 248 
40 112 177 249 
41 113 178 250 
42 114 179 251 
43 115 180 252 
44 116 181 253 
45 117 182 254 
46 118 183 255 
47 119 184 256 
48 120 185 257 
49 121 186 258 
50 122 187 259 
51 123 188 260 
52 124 189 261 
53 125 190 262 
54 126 191 263 
55 127 192 264 
56 128 193 265 
57 129 194 266 
58 130 195 267 
59 131 196 268 
60 132 197 269 
61 133 198 270 
62 134 199 271 
63 135 200 272 
64 136 201 273 
65 137 202 274 
66 138 203 275 
67 139 204 276 
68 140 205 277 
69 141 206 278 
70 142 207 279 
71 143 208 280 
72 144 209 281 
73 145 210 282 
74 146 211 283 
75 147 212 284 
76 148 213 285 
77 149 214 286 
78 150 215 287 
0 144 195 260 
1 145 196 261 
2 146 197 262 
3 147 198 263 
4 148 199 264 
5 149 200 265 
6 150 201 266 
7 151 202 267 
8 152 203 268 
9 153 204 269 
10 154 205 270 
11 155 206 271 
12 156 207 272 
13 157 208 273 
14 79 209 274 
15 80 210 275 
16 81 211 276 
17 82 212 277 
18 83 213 278 
19 84 214 279 
20 85 215 280 
21 86 216 281 
22 87 217 282 
23 88 218 283 
24 89 219 284 
25 90 220 285 
26 91 221 286 
27 92 222 287 
28 93 223 288 
29 94 224 289 
30 95 225 290 
31 96 226 291 
32 97 227 292 
33 98 228 293 
34 99 229 294 
35 100 230 295 
36 101 231 296 
37 102 232 297 
38 103 233 298 
39 104 234 299 
40 105 235 300 
41 106 236 301 
42 107 158 302 
43 108 159 303 
44 109 160 304 
45 110 161 305 
46 111 162 306 
47 112 163 307 
48 113 164 308 
49 114 165 309 
50 115 166 310 
51 116 167 311 
52 117 168 312 
53 118 169 313 
54 119 170 314 
55 120 171 315 
56 121 172 237 
57 122 173 238 
58 123 174 239 
59 124 175 240 
60 125 176 241 
61 126 177 242 
62 127 178 243 
63 128 179 244 
64 129 180 245 
65 130 181 246 
66 131 182 247 
67 132 183 248 
68 133 184 249 
69 134 185 250 
70 135 186 251 
71 136 187 252 
72 137 188 253 
73 138 189 254 
74 139 190 255 
75 140 191 256 
76 141 192 257 
77 142 193 258 
78 143 194 259 
0 141 186 248 
1 142 187 249 
2 143 188 250 
3 144 189 251 
4 145 190 252 
5 146 191 253 
6 147 192 254 
7 148 193 255 
8 149 194 256 
9 150 195 257 
10 151 196 258 
11 152 197 259 
12 153 198 260 
13 154 199 261 
14 155 200 262 
15 156 201 263 
16 157 202 264 
17 79 203 265 
18 80 204 266 
19 81 205 267 
20 82 206 268 
21 83 207 269 
22 84 208 270 
23 85 209 271 
24 86 210 272 
25 87 211 273 
26 88 212 274 
27 89 213 275 
28 90 214 276 
29 91 215 277 
30 92 216 278 
31 93 217 279 
32 94 218 280 
33 95 219 281 
34 96 220 282 
35 97 221 283 
36 98 222 284 
37 99 223 285 
38 100 224 286 
39 101 225 287 
40 102 226 288 
41 103 227 289 
42 104 228 290 
43 105 229 291 
44 106 230 292 
45 107 231 293 
46 108 232 294 
47 109 233 295 
48 110 234 296 
49 111 235 297 
50 112 236 298 
51 113 158 299 
52 114 159 300 
53 115 160 301 
54 116 161 302 
55 117 162 303 
56 118 163 304 
57 119 164 305 
58 120 165 306 
59 121 166 307 
60 122 167 308 
61 123 168 309 
62 124 169 310 
63 125 170 311 
64 126 171 312 
65 127 172 313 
66 128 173 314 
67 129 174 315 
68 130 175 237 
69 131 176 238 
70 132 177 239 
71 133 178 240 
72 134 179 241 
73 135 180 242 
74 136 181 243 
75 137 182 244 
76 138 183 245 
77 139 184 246 
78 140 185 247 
0 140 183 244 
1 141 184 245 
2 142 185 246 
3 143 186 247 
4 144 187 248 
5 145 188 249 
6 146 189 250 
7 147 190 251 
8 148 191 252 
9 149 192 253 
10 150 193 254 
11 151 194 255 
12 152 195 256 
13 153 196 257 
14 154 197 258 
15 155 198 259 
16 156 199 260 
17 157 200 261 
18 79 201 262 
19 80 202 263 
20 81 203 264 
21 82 204 265 
22 83 205 266 
23 84 206 267 
24 85 207 268 
25 86 208 269 
26 87 209 270 
27 88 210 271 
28 89 211 272 
29 90 212 273 
30 91 213 274 
31 92 214 275 
32 93 215 276 
33 94 216 277 
34 95 217 278 
35 96 218 279 
36 97 219 280 
37 98 220 281 
38 99 221 282 
39 100 222 283 
40 101 223 284 
41 102 224 285 
42 103 225 286 
43 104 226 287 
44 105 227 288 
45 106 228 289 
46 107 229 290 
47 108 230 291 
48 109 231 292 
49 110 232 293 
50 111 233 294 
51 112 234 295 
52 113 235 296 
53 114 236 297 
54 115 158 298 
55 116 159 299 
56 117 160 300 
57 118 161 301 
58 119 162 302 
59 120 163 303 
60 121 164 304 
61 122 165 305 
62 123 166 306 
63 124 167 307 
64 125 168 308 
65 126 169 309 
66 127 170 310 
67 128 171 311 
68 129 172 312 
69 130 173 313 
70 131 174 314 
71 132 175 315 
72 133 176 237 
73 134 177 238 
74 135 178 239 
75 136 179 240 
76 137 180 241 
77 138 181 242 
78 139 182 243 
0 136 171 307 
1 137 172 308 
2 138 173 309 
3 139 174 310 
4 140 175 311 
5 141 176 312 
6 142 177 313 
7 143 178 314 
8 144 179 315 
9 145 180 237 
10 146 181 238 
11 147 182 239 
12 148 183 240 
13 149 184 241 
14 150 185 242 
15 151 186 243 
16 152 187 244 
17 153 188 245 
18 154 189 246 
19 155 190 247 
20 156 191 248 
21 157 192 249 
22 79 193 250 
23 80 194 251 
24 81 195 252 
25 82 196 253 
26 83 197 254 
27 84 198 255 
28 85 199 256 
29 86 200 257 
30 87 201 258 
31 88 202 259 
32 89 203 260 
33 90 204 261 
34 91 205 262 
35 92 206 263 
36 93 207 264 
37 94 208 265 
38 95 209 266 
39 96 210 267 
40 97 211 268 
41 98 212 269 
42 99 213 270 
43 100 214 271 
44 101 215 272 
45 102 216 273 
46 103 217 274 
47 104 218 275 
48 105 219 276 
49 106 220 277 
50 107 221 278 
51 108 222 279 
52 109 223 280 
53 110 224 281 
54 111 225 282 
55 112 226 283 
56 113 227 284 
57 114 228 285 
58 115 229 286 
59 116 230 287 
60 117 231 288 
61 118 232 289 
62 119 233 290 
63 120 234 291 
64 121 235 292 
65 122 236 293 
66 123 158 294 
67 124 159 295 
68 125 160 296 
69 126 161 297 
70 127 162 298 
71 128 163 299 
72 129 164 300 
73 130 165 301 
74 131 166 302 
75 132 167 303 
76 133 168 304 
77 134 169 305 
78 135 170 306 
0 132 159 291 
1 133 160 292 
2 134 161 293 
3 135 162 294 
4 136 163 295 
5 137 164 296 
6 138 165 297 
7 139 166 298 
8 140 167 299 
9 141 168 300 
10 142 169 301 
11 143 170 302 
12 144 171 303 
13 145 172 304 
14 146 173 305 
15 147 174 306 
16 148 175 307 
17 149 176 308 
18 150 177 309 
19 151 178 310 
20 152 179 311 
21 153 180 312 
22 154 181 313 
23 155 182 314 
24 156 183 315 
25 157 184 237 
26 79 185 238 
27 80 186 239 
28 81 187 240 
29 82 188 241 
30 83 189 242 
31 84 190 243 
32 85 191 244 
33 86 192 245 
34 87 193 246 
35 88 194 247 
36 89 195 248 
37 90 196 249 
38 91 197 250 
39 92 198 251 
40 93 199 252 
41 94 200 253 
42 95 201 254 
43 96 202 255 
44 97 203 256 
45 98 204 257 
46 99 205 258 
47 100 206 259 
48 101 207 260 
49 102 208 261 
50 103 209 262 
51 104 210 263 
52 105 211 264 
53 106 212 265 
54 107 213 266 
55 108 214 267 
56 109 215 268 
57 110 216 269 
58 111 217 270 
59 112 218 271 
60 113 219 272 
61 114 220 273 
62 115 221 274 
63 116 222 275 
64 117 223 276 
65 118 224 277 
66 119 225 278 
67 120 226 279 
68 121 227 280 
69 122 228 281 
70 123 229 282 
71 124 230 283 
72 125 231 284 
73 126 232 285 
74 127 233 286 
75 128 234 287 
76 129 235 288 
77 130 236 289 
78 131 158 290 
0 131 235 287 
1 132 236 288 
2 133 158 289 
3 134 159 290 
4 135 160 291 
5 136 161 292 
6 137 162 293 
7 138 163 294 
8 139 164 295 
9 140 165 296 
10 141 166 297 
11 142 167 298 
12 143 168 299 
13 144 169 300 
14 145 170 301 
15 146 171 302 
16 147 172 303 
17 148 173 304 
18 149 174 305 
19 150 175 306 
20 151 176 307 
21 152 177 308 
22 153 178 309 
23 154 179 310 
24 155 180 311 
25 156 181 312 
26 157 182 313 
27 79 183 314 
28 80 184 315 
29 81 185 237 
30 82 186 238 
31 83 187 239 
32 84 188 240 
33 85 189 241 
34 86 190 242 
35 87 191 243 
36 88 192 244 
37 89 193 245 
38 90 194 246 
39 91 195 247 
40 92 196 248 
41 93 197 249 
42 94 198 250 
43 95 199 251 
44 96 200 252 
45 97 201 253 
46 98 202 254 
47 99 203 255 
48 100 204 256 
49 101 205 257 
50 102 206 258 
51 103 207 259 
52 104 208 260 
53 105 209 261 
54 106 210 262 
55 107 211 263 
56 108 212 264 
57 109 213 265 
58 110 214 266 
59 111 215 267 
60 112 216 268 
61 113 217 269 
62 114 218 270 
63 115 219 271 
64 116 220 272 
65 117 221 273 
66 118 222 274 
67 119 223 275 
68 120 224 276 
69 121 225 277 
70 122 226 278 
71 123 227 279 
72 124 228 280 
73 125 229 281 
74 126 230 282 
75 127 231 283 
76 128 232 284 
77 129 233 285 
78 130 234 286 
0 128 226 275 
1 129 227 276 
2 130 228 277 
3 131 229 278 
4 132 230 279 
5 133 231 280 
6 134 232 281 
7 135 233 282 
8 136 234 283 
9 137 235 284 
10 138 236 285 
11 139 158 286 
12 140 159 287 
13 141 160 288 
14 142 161 289 
15 143 162 290 
16 144 163 291 
17 145 164 292 
18 146 165 293 
19 147 166 294 
20 148 167 295 
21 149 168 296 
22 150 169 297 
23 151 170 298 
24 152 171 299 
25 153 172 300 
26 154 173 301 
27 155 174 302 
28 156 175 303 
29 157 176 304 
30 79 177 305 
31 80 178 306 
32 81 179 307 
33 82 180 308 
34 83 181 309 
35 84 182 310 
36 85 183 311 
37 86 184 312 
38 87 185 313 
39 88 186 314 
40 89 187 315 
41 90 188 237 
42 91 189 238 
43 92 190 239 
44 93 191 240 
45 94 192 241 
46 95 193 242 
47 96 194 243 
48 97 195 244 
49 98 196 245 
50 99 197 246 
51 100 198 247 
52 101 199 248 
53 102 200 249 
54 103 201 250 
55 104 202 251 
56 105 203 252 
57 106 204 253 
58 107 205 254 
59 108 206 255 
60 109 207 256 
61 110 208 257 
62 111 209 258 
63 112 210 259 
64 113 211 260 
65 114 212 261 
66 115 213 262 
67 116 214 263 
68 117 215 264 
69 118 216 265 
70 119 217 266 
71 120 218 267 
72 121 219 268 
73 122 220 269 
74 123 221 270 
75 124 222 271 
76 125 223 272 
77 126 224 273 
78 127 225 274 
0 122 208 251 
1 123 209 252 
2 124 210 253 
3 125 211 254 
4 126 212 255 
5 127 213 256 
6 128 214 257 
7 129 215 258 
8 130 216 259 
9 131 217 260 
10 132 218 261 
11 133 219 262 
12 134 220 263 
13 135 221 264 
14 136 222 265 
15 137 223 266 
16 138 224 267 
17 139 225 268 
18 140 226 269 
19 141 227 270 
20 142 228 271 
21 143 229 272 
22 144 230 273 
23 145 231 274 
24 146 232 275 
25 147 233 276 
26 148 234 277 
27 149 235 278 
28 150 236 279 
29 151 158 280 
30 152 159 281 
31 153 160 282 
32 154 161 283 
33 155 162 284 
34 156 163 285 
35 157 164 286 
36 79 165 287 
37 80 166 288 
38 81 167 289 
39 82 168 290 
40 83 169 291 
41 84 170 292 
42 85 171 293 
43 86 172 294 
44 87 173 295 
45 88 174 296 
46 89 175 297 
47 90 176 298 
48 91 177 299 
49 92 178 300 
50 93 179 301 
51 94 180 302 
52 95 181 303 
53 96 182 304 
54 97 183 305 
55 98 184 306 
56 99 185 307 
57 100 186 308 
58 101 187 309 
59 102 188 310 
60 103 189 311 
61 104 190 312 
62 105 191 313 
63 106 192 314 
64 107 193 315 
65 108 194 237 
66 109 195 238 
67 110 196 239 
68 111 197 240 
69 112 198 241 
70 113 199 242 
71 114 200 243 
72 115 201 244 
73 116 202 245 
74 117 203 246 
75 118 204 247 
76 119 205 248 
77 120 206 249 
78 121 207 250 
0 121 205 247 
1 122 206 248 
2 123 207 249 
3 124 208 250 
4 125 209 251 
5 126 210 252 
6 127 211 253 
7 128 212 254 
8 129 213 255 
9 130 214 256 
10 131 215 257 
11 132 216 258 
12 133 217 259 
13 134 218 260 
14 135 219 261 
15 136 220 262 
16 137 221 263 
17 138 222 264 
18 139 223 265 
19 140 224 266 
20 141 225 267 
21 142 226 268 
22 143 227 269 
23 144 228 270 
24 145 229 271 
25 146 230 272 
26 147 231 273 
27 148 232 274 
28 149 233 275 
29 150 234 276 
30 151 235 277 
31 152 236 278 
32 153 158 279 
33 154 159 280 
34 155 160 281 
35 156 161 282 
36 157 162 283 
37 79 163 284 
38 80 164 285 
39 81 165 286 
40 82 166 287 
41 83 167 288 
42 84 168 289 
43 85 169 290 
44 86 170 291 
45 87 171 292 
46 88 172 293 
47 89 173 294 
48 90 174 295 
49 91 175 296 
50 92 176 297 
51 93 177 298 
52 94 178 299 
53 95 179 300 
54 96 180 301 
55 97 181 302 
56 98 182 303 
57 99 183 304 
58 100 184 305 
59 101 185 306 
60 102 186 307 
61 103 187 308 
62 104 188 309 
63 105 189 310 
64 106 190 311 
65 107 191 312 
66 108 192 313 
67 109 193 314 
68 110 194 315 
69 111 195 237 
70 112 196 238 
71 113 197 239 
72 114 198 240 
73 115 199 241 
74 116 200 242 
75 117 201 243 
76 118 202 244 
77 119 203 245 
78 120 204 246 
0 120 202 243 
1 121 203 244 
2 122 204 245 
3 123 205 246 
4 124 206 247 
5 125 207 248 
6 126 208 249 
7 127 209 250 
8 128 210 251 
9 129 211 252 
10 130 212 253 
11 131 213 254 
12 132 214 255 
13 133 215 256 
14 134 216 257 
15 135 217 258 
16 136 218 259 
17 137 219 260 
18 138 220 261 
19 139 221 262 
20 140 222 263 
21 141 223 264 
22 142 224 265 
23 143 225 266 
24 144 226 267 
25 145 227 268 
26 146 228 269 
27 147 229 270 
28 148 230 271 
29 149 231 272 
30 150 232 273 
31 151 233 274 
32 152 234 275 
33 153 235 276 
34 154 236 277 
35 155 158 278 
36 156 159 279 
37 157 160 280 
38 79 161 281 
39 80 162 282 
40 81 163 283 
41 82 164 284 
42 83 165 285 
43 84 166 286 
44 85 167 287 
45 86 168 288 
46 87 169 289 
47 88 170 290 
48 89 171 291 
49 90 172 292 
50 91 173 293 
51 92 174 294 
52 93 175 295 
53 94 176 296 
54 95 177 297 
55 96 178 298 
56 97 179 299 
57 98 180 300 
58 99 181 301 
59 100 182 302 
60 101 183 303 
61 102 184 304 
62 103 185 305 
63 104 186 306 
64 105 187 307 
65 106 188 308 
66 107 189 309 
67 108 190 310 
68 109 191 311 
69 110 192 312 
70 111 193 313 
71 112 194 314 
72 113 195 315 
73 114 196 237 
74 115 197 238 
75 116 198 239 
76 117 199 240 
77 118 200 241 
78 119 201 242 
0 112 178 290 
1 113 179 291 
2 114 180 292 
3 115 181 293 
4 116 182 294 
5 117 183 295 
6 118 184 296 
7 119 185 297 
8 120 186 298 
9 121 187 299 
10 122 188 300 
11 123 189 301 
12 124 190 302 
13 125 191 303 
14 126 192 304 
15 127 193 305 
16 128 194 306 
17 129 195 307 
18 130 196 308 
19 131 197 309 
20 132 198 310 
21 133 199 311 
22 134 200 312 
23 135 201 313 
24 136 202 314 
25 137 203 315 
26 138 204 237 
27 139 205 238 
28 140 206 239 
29 141 207 240 
30 142 208 241 
31 143 209 242 
32 144 210 243 
33 145 211 244 
34 146 212 245 
35 147 213 246 
36 148 214 247 
37 149 215 248 
38 150 216 249 
39 151 217 250 
40 152 218 251 
41 153 219 252 
42 154 220 253 
43 155 221 254 
44 156 222 255 
45 157 223 256 
46 79 224 257 
47 80 225 258 
48 81 226 259 
49 82 227 260 
50 83 228 261 
51 84 229 262 
52 85 230 263 
53 86 231 264 
54 87 232 265 
55 88 233 266 
56 89 234 267 
57 90 235 268 
58 91 236 269 
59 92 158 270 
60 93 159 271 
61 94 160 272 
62 95 161 273 
63 96 162 274 
64 97 163 275 
65 98 164 276 
66 99 165 277 
67 100 166 278 
68 101 167 279 
69 102 168 280 
70 103 169 281 
71 104 170 282 
72 105 171 283 
73 106 172 284 
74 107 173 285 
75 108 174 286 
76 109 175 287 
77 110 176 288 
78 111 177 289 
0 111 175 286 
1 112 176 287 
2 113 177 288 
3 114 178 289 
4 115 179 290 
5 116 180 291 
6 117 181 292 
7 118 182 293 
8 119 183 294 
9 120 184 295 
10 121 185 296 
11 122 186 297 
12 123 187 298 
13 124 188 299 
14 125 189 300 
15 126 190 301 
16 127 191 302 
17 128 192 303 
18 129 193 304 
19 130 194 305 
20 131 195 306 
21 132 196 307 
22 133 197 308 
23 134 198 309 
24 135 199 310 
25 136 200 311 
26 137 201 312 
27 138 202 313 
28 139 203 314 
29 140 204 315 
30 141 205 237 
31 142 206 238 
32 143 207 239 
33 144 208 240 
34 145 209 241 
35 146 210 242 
36 147 211 243 
37 148 212 244 
38 149 213 245 
39 150 214 246 
40 151 215 247 
41 152 216 248 
42 153 217 249 
43 154 218 250 
44 155 219 251 
45 156 220 252 
46 157 221 253 
47 79 222 254 
48 80 223 255 
49 81 224 256 
50 82 225 257 
51 83 226 258 
52 84 227 259 
53 85 228 260 
54 86 229 261 
55 87 230 262 
56 88 231 263 
57 89 232 264 
58 90 233 265 
59 91 234 266 
60 92 235 267 
61 93 236 268 
62 94 158 269 
63 95 159 270 
64 96 160 271 
65 97 161 272 
66 98 162 273 
67 99 163 274 
68 100 164 275 
69 101 165 276 
70 102 166 277 
71 103 167 278 
72 104 168 279 
73 105 169 280 
74 106 170 281 
75 107 171 282 
76 108 172 283 
77 109 173 284 
78 110 174 285 
0 109 169 278 
1 110 170 279 
2 111 171 280 
3 112 172 281 
4 113 173 282 
5 114 174 283 
6 115 175 284 
7 116 176 285 
8 117 177 286 
9 118 178 287 
10 119 179 288 
11 120 180 289 
12 121 181 290 
13 122 182 291 
14 123 183 292 
15 124 184 293 
16 125 185 294 
17 126 186 295 
18 127 187 296 
19 128 188 297 
20 129 189 298 
21 130 190 299 
22 131 191 300 
23 132 192 301 
24 133 193 302 
25 134 194 303 
26 135 195 304 
27 136 196 305 
28 137 197 306 
29 138 198 307 
30 139 199 308 
31 140 200 309 
32 141 201 310 
33 142 202 311 
34 143 203 312 
35 144 204 313 
36 145 205 314 
37 146 206 315 
38 147 207 237 
39 148 208 238 
40 149 209 239 
41 150 210 240 
42 151 211 241 
43 152 212 242 
44 153 213 243 
45 154 214 244 
46 155 215 245 
47 156 216 246 
48 157 217 247 
49 79 218 248 
50 80 219 249 
51 81 220 250 
52 82 221 251 
53 83 222 252 
54 84 223 253 
55 85 224 254 
56 86 225 255 
57 87 226 256 
58 88 227 257 
59 89 228 258 
60 90 229 259 
61 91 230 260 
62 92 231 261 
63 93 232 262 
64 94 233 263 
65 95 234 264 
66 96 235 265 
67 97 236 266 
68 98 158 267 
69 99 159 268 
70 100 160 269 
71 101 161 270 
72 102 162 271 
73 103 163 272 
74 104 164 273 
75 105 165 274 
76 106 166 275 
77 107 167 276 
78 108 168 277 
0 103 230 254 
1 104 231 255 
2 105 232 256 
3 106 233 257 
4 107 234 258 
5 108 235 259 
6 109 236 260 
7 110 158 261 
8 111 159 262 
9 112 160 263 
10 113 161 264 
11 114 162 265 
12 115 163 266 
13 116 164 267 
14 117 165 268 
15 118 166 269 
16 119 167 270 
17 120 168 271 
18 121 169 272 
19 122 170 273 
20 123 171 274 
21 124 172 275 
22 125 173 276 
23 126 174 277 
24 127 175 278 
25 128 176 279 
26 129 177 280 
27 130 178 281 
28 131 179 282 
29 132 180 283 
30 133 181 284 
31 134 182 285 
32 135 183 286 
33 136 184 287 
34 137 185 288 
35 138 186 289 
36 139 187 290 
37 140 188 291 
38 141 189 292 
39 142 190 293 
40 143 191 294 
41 144 192 295 
42 145 193 296 
43 146 194 297 
44 147 195 298 
45 148 196 299 
46 149 197 300 
47 150 198 301 
48 151 199 302 
49 152 200 303 
50 153 201 304 
51 154 202 305 
52 155 203 306 
53 156 204 307 
54 157 205 308 
55 79 206 309 
56 80 207 310 
57 81 208 311 
58 82 209 312 
59 83 210 313 
60 84 211 314 
61 85 212 315 
62 86 213 237 
63 87 214 238 
64 88 215 239 
65 89 216 240 
66 90 217 241 
67 91 218 242 
68 92 219 243 
69 93 220 244 
70 94 221 245 
71 95 222 246 
72 96 223 247 
73 97 224 248 
74 98 225 249 
75 99 226 250 
76 100 227 251 
77 101 228 252 
78 102 229 253 
0 102 227 250 
1 103 228 251 
2 104 229 252 
3 105 230 253 
4 106 231 254 
5 107 232 255 
6 108 233 256 
7 109 234 257 
8 110 235 258 
9 111 236 259 
10 112 158 260 
11 113 159 261 
12 114 160 262 
13 115 161 263 
14 116 162 264 
15 117 163 265 
16 118 164 266 
17 119 165 267 
18 120 166 268 
19 121 167 269 
20 122 168 270 
21 123 169 271 
22 124 170 272 
23 125 171 273 
24 126 172 274 
25 127 173 275 
26 128 174 276 
27 129 175 277 
28 130 176 278 
29 131 177 279 
30 132 178 280 
31 133 179 281 
32 134 180 282 
33 135 181 283 
34 136 182 284 
35 137 183 285 
36 138 184 286 
37 139 185 287 
38 140 186 288 
39 141 187 289 
40 142 188 290 
41 143 189 291 
42 144 190 292 
43 145 191 293 
44 146 192 294 
45 147 193 295 
46 148 194 296 
47 149 195 297 
48 150 196 298 
49 151 197 299 
50 152 198 300 
51 153 199 301 
52 154 200 302 
53 155 201 303 
54 156 202 304 
55 157 203 305 
56 79 204 306 
57 80 205 307 
58 81 206 308 
59 82 207 309 
60 83 208 310 
61 84 209 311 
62 85 210 312 
63 86 211 313 
64 87 212 314 
65 88 213 315 
66 89 214 237 
67 90 215 238 
68 91 216 239 
69 92 217 240 
70 93 218 241 
71 94 219 242 
72 95 220 243 
73 96 221 244 
74 97 222 245 
75 98 223 246 
76 99 224 247 
77 100 225 248 
78 101 226 249 
0 101 224 246 
1 102 225 247 
2 103 226 248 
3 104 227 249 
4 105 228 250 
5 106 229 251 
6 107 230 252 
7 108 231 253 
8 109 232 254 
9 110 233 255 
10 111 234 256 
11 112 235 257 
12 113 236 258 
13 114 158 259 
14 115 159 260 
15 116 160 261 
16 117 161 262 
17 118 162 263 
18 119 163 264 
19 120 164 265 
20 121 165 266 
21 122 166 267 
22 123 167 268 
23 124 168 269 
24 125 169 270 
25 126 170 271 
26 127 171 272 
27 128 172 273 
28 129 173 274 
29 130 174 275 
30 131 175 276 
31 132 176 277 
32 133 177 278 
33 134 178 279 
34 135 179 280 
35 136 180 281 
36 137 181 282 
37 138 182 283 
38 139 183 284 
39 140 184 285 
40 141 185 286 
41 142 186 287 
42 143 187 288 
43 144 188 289 
44 145 189 290 
45 146 190 291 
46 147 191 292 
47 148 192 293 
48 149 193 294 
49 150 194 295 
50 151 195 296 
51 152 196 297 
52 153 197 298 
53 154 198 299 
54 155 199 300 
55 156 200 301 
56 157 201 302 
57 79 202 303 
58 80 203 304 
59 81 204 305 
60 82 205 306 
61 83 206 307 
62 84 207 308 
63 85 208 309 
64 86 209 310 
65 87 210 311 
66 88 211 312 
67 89 212 313 
68 90 213 314 
69 91 214 315 
70 92 215 237 
71 93 216 238 
72 94 217 239 
73 95 218 240 
74 96 219 241 
75 97 220 242 
76 98 221 243 
77 99 222 244 
78 100 223 245 
0 100 221 242 
1 101 222 243 
2 102 223 244 
3 103 224 245 
4 104 225 246 
5 105 226 247 
6 106 227 248 
7 107 228 249 
8 108 229 250 
9 109 230 251 
10 110 231 252 
11 111 232 253 
12 112 233 254 
13 113 234 255 
14 114 235 256 
15 115 236 257 
16 116 158 258 
17 117 159 259 
18 118 160 260 
19 119 161 261 
20 120 162 262 
21 121 163 263 
22 122 164 264 
23 123 165 265 
24 124 166 266 
25 125 167 267 
26 126 168 268 
27 127 169 269 
28 128 170 270 
29 129 171 271 
30 130 172 272 
31 131 173 273 
32 132 174 274 
33 133 175 275 
34 134 176 276 
35 135 177 277 
36 136 178 278 
37 137 179 279 
38 138 180 280 
39 139 181 281 
40 140 182 282 
41 141 183 283 
42 142 184 284 
43 143 185 285 
44 144 186 286 
45 145 187 287 
46 146 188 288 
47 147 189 289 
48 148 190 290 
49 149 191 291 
50 150 192 292 
51 151 193 293 
52 152 194 294 
53 153 195 295 
54 154 196 296 
55 155 197 297 
56 156 198 298 
57 157 199 299 
58 79 200 300 
59 80 201 301 
60 81 202 302 
61 82 203 303 
62 83 204 304 
63 84 205 305 
64 85 206 306 
65 86 207 307 
66 87 208 308 
67 88 209 309 
68 89 210 310 
69 90 211 311 
70 91 212 312 
71 92 213 313 
72 93 214 314 
73 94 215 315 
74 95 216 237 
75 96 217 238 
76 97 218 239 
77 98 219 240 
78 99 220 241 
0 97 212 309 
1 98 213 310 
2 99 214 311 
3 100 215 312 
4 101 216 313 
5 102 217 314 
6 103 218 315 
7 104 219 237 
8 105 220 238 
9 106 221 239 
10 107 222 240 
11 108 223 241 
12 109 224 242 
13 110 225 243 
14 111 226 244 
15 112 227 245 
16 113 228 246 
17 114 229 247 
18 115 230 248 
19 116 231 249 
20 117 232 250 
21 118 233 251 
22 119 234 252 
23 120 235 253 
24 121 236 254 
25 122 158 255 
26 123 159 256 
27 124 160 257 
28 125 161 258 
29 126 162 259 
30 127 163 260 
31 128 164 261 
32 129 165 262 
33 130 166 263 
34 131 167 264 
35 132 168 265 
36 133 169 266 
37 134 170 267 
38 135 171 268 
39 136 172 269 
40 137 173 270 
41 138 174 271 
42 139 175 272 
43 140 176 273 
44 141 177 274 
45 142 178 275 
46 143 179 276 
47 144 180 277 
48 145 181 278 
49 146 182 279 
50 147 183 280 
51 148 184 281 
52 149 185 282 
53 150 186 283 
54 151 187 284 
55 152 188 285 
56 153 189 286 
57 154 190 287 
58 155 191 288 
59 156 192 289 
60 157 193 290 
61 79 194 291 
62 80 195 292 
63 81 196 293 
64 82 197 294 
65 83 198 295 
66 84 199 296 
67 85 200 297 
68 86 201 298 
69 87 202 299 
70 88 203 300 
71 89 204 301 
72 90 205 302 
73 91 206 303 
74 92 207 304 
75 93 208 305 
76 94 209 306 
77 95 210 307 
78 96 211 308 
0 96 209 305 
1 97 210 306 
2 98 211 307 
3 99 212 308 
4 100 213 309 
5 101 214 310 
6 102 215 311 
7 103 216 312 
8 104 217 313 
9 105 218 314 
10 106 219 315 
11 107 220 237 
12 108 221 238 
13 109 222 239 
14 110 223 240 
15 111 224 241 
16 112 225 242 
17 113 226 243 
18 114 227 244 
19 115 228 245 
20 116 229 246 
21 117 230 247 
22 118 231 248 
23 119 232 249 
24 120 233 250 
25 121 234 251 
26 122 235 252 
27 123 236 253 
28 124 158 254 
29 125 159 255 
30 126 160 256 
31 127 161 257 
32 128 162 258 
33 129 163 259 
34 130 164 260 
35 131 165 261 
36 132 166 262 
37 133 167 263 
38 134 168 264 
39 135 169 265 
40 136 170 266 
41 137 171 267 
42 138 172 268 
43 139 173 269 
44 140 174 270 
45 141 175 271 
46 142 176 272 
47 143 177 273 
48 144 178 274 
49 145 179 275 
50 146 180 276 
51 147 181 277 
52 148 182 278 
53 149 183 279 
54 150 184 280 
55 151 185 281 
56 152 186 282 
57 153 187 283 
58 154 188 284 
59 155 189 285 
60 156 190 286 
61 157 191 287 
62 79 192 288 
63 80 193 289 
64 81 194 290 
65 82 195 291 
66 83 196 292 
67 84 197 293 
68 85 198 294 
69 86 199 295 
70 87 200 296 
71 88 201 297 
72 89 202 298 
73 90 203 299 
74 91 204 300 
75 92 205 301 
76 93 206 302 
77 94 207 303 
78 95 208 304 
0 93 200 293 
1 94 201 294 
2 95 202 295 
3 96 203 296 
4 97 204 297 
5 98 205 298 
6 99 206 299 
7 100 207 300 
8 101 208 301 
9 102 209 302 
10 103 210 303 
11 104 211 304 
12 105 212 305 
13 106 213 306 
14 107 214 307 
15 108 215 308 
16 109 216 309 
17 110 217 310 
18 111 218 311 
19 112 219 312 
20 113 220 313 
21 114 221 314 
22 115 222 315 
23 116 223 237 
24 117 224 238 
25 118 225 239 
26 119 226 240 
27 120 227 241 
28 121 228 242 
29 122 229 243 
30 123 230 244 
31 124 231 245 
32 125 232 246 
33 126 233 247 
34 127 234 248 
35 128 235 249 
36 129 236 250 
37 130 158 251 
38 131 159 252 
39 132 160 253 
40 133 161 254 
41 134 162 255 
42 135 163 256 
43 136 164 257 
44 137 165 258 
45 138 166 259 
46 139 167 260 
47 140 168 261 
48 141 169 262 
49 142 170 263 
50 143 171 264 
51 144 172 265 
52 145 173 266 
53 146 174 267 
54 147 175 268 
55 148 176 269 
56 149 177 270 
57 150 178 271 
58 151 179 272 
59 152 180 273 
60 153 181 274 
61 154 182 275 
62 155 183 276 
63 156 184 277 
64 157 185 278 
65 79 186 279 
66 80 187 280 
67 81 188 281 
68 82 189 282 
69 83 190 283 
70 84 191 284 
71 85 192 285 
72 86 193 286 
73 87 194 287 
74 88 195 288 
75 89 196 289 
76 90 197 290 
77 91 198 291 
78 92 199 292 
0 92 197 289 
1 93 198 290 
2 94 199 291 
3 95 200 292 
4 96 201 293 
5 97 202 294 
6 98 203 295 
7 99 204 296 
8 100 205 297 
9 101 206 298 
10 102 207 299 
11 103 208 300 
12 104 209 301 
13 105 210 302 
14 106 211 303 
15 107 212 304 
16 108 213 305 
17 109 214 306 
18 110 215 307 
19 111 216 308 
20 112 217 309 
21 113 218 310 
22 114 219 311 
23 115 220 312 
24 116 221 313 
25 117 222 314 
26 118 223 315 
27 119 224 237 
28 120 225 238 
29 121 226 239 
30 122 227 240 
31 123 228 241 
32 124 229 242 
33 125 230 243 
34 126 231 244 
35 127 232 245 
36 128 233 246 
37 129 234 247 
38 130 235 248 
39 131 236 249 
40 132 158 250 
41 133 159 251 
42 134 160 252 
43 135 161 253 
44 136 162 254 
45 137 163 255 
46 138 164 256 
47 139 165 257 
48 140 166 258 
49 141 167 259 
50 142 168 260 
51 143 169 261 
52 144 170 262 
53 145 171 263 
54 146 172 264 
55 147 173 265 
56 148 174 266 
57 149 175 267 
58 150 176 268 
59 151 177 269 
60 152 178 270 
61 153 179 271 
62 154 180 272 
63 155 181 273 
64 156 182 274 
65 157 183 275 
66 79 184 276 
67 80 185 277 
68 81 186 278 
69 82 187 279 
70 83 188 280 
71 84 189 281 
72 85 190 282 
73 86 191 283 
74 87 192 284 
75 88 193 285 
76 89 194 286 
77 90 195 287 
78 91 196 288 
0 91 194 285 
1 92 195 286 
2 93 196 287 
3 94 197 288 
4 95 198 289 
5 96 199 290 
6 97 200 291 
7 98 201 292 
8 99 202 293 
9 100 203 294 
10 101 204 295 
11 102 205 296 
12 103 206 297 
13 104 207 298 
14 105 208 299 
15 106 209 300 
16 107 210 301 
17 108 211 302 
18 109 212 303 
19 110 213 304 
20 111 214 305 
21 112 215 306 
22 113 216 307 
23 114 217 308 
24 115 218 309 
25 116 219 310 
26 117 220 311 
27 118 221 312 
28 119 222 313 
29 120 223 314 
30 121 224 315 
31 122 225 237 
32 123 226 238 
33 124 227 239 
34 125 228 240 
35 126 229 241 
36 127 230 242 
37 128 231 243 
38 129 232 244 
39 130 233 245 
40 131 234 246 
41 132 235 247 
42 133 236 248 
43 134 158 249 
44 135 159 250 
45 136 160 251 
46 137 161 252 
47 138 162 253 
48 139 163 254 
49 140 164 255 
50 141 165 256 
51 142 166 257 
52 143 167 258 
53 144 168 259 
54 145 169 260 
55 146 170 261 
56 147 171 262 
57 148 172 263 
58 149 173 264 
59 150 174 265 
60 151 175 266 
61 152 176 267 
62 153 177 268 
63 154 178 269 
64 155 179 270 
65 156 180 271 
66 157 181 272 
67 79 182 273 
68 80 183 274 
69 81 184 275 
70 82 185 276 
71 83 186 277 
72 84 187 278 
73 85 188 279 
74 86 189 280 
75 87 190 281 
76 88 191 282 
77 89 192 283 
78 90 193 284 
0 82 167 249 
1 83 168 250 
2 84 169 251 
3 85 170 252 
4 86 171 253 
5 87 172 254 
6 88 173 255 
7 89 174 256 
8 90 175 257 
9 91 176 258 
10 92 177 259 
11 93 178 260 
12 94 179 261 
13 95 180 262 
14 96 181 263 
15 97 182 264 
16 98 183 265 
17 99 184 266 
18 100 185 267 
19 101 186 268 
20 102 187 269 
21 103 188 270 
22 104 189 271 
23 105 190 272 
24 106 191 273 
25 107 192 274 
26 108 193 275 
27 109 194 276 
28 110 195 277 
29 111 196 278 
30 112 197 279 
31 113 198 280 
32 114 199 281 
33 115 200 282 
34 116 201 283 
35 117 202 284 
36 118 203 285 
37 119 204 286 
38 120 205 287 
39 121 206 288 
40 122 207 289 
41 123 208 290 
42 124 209 291 
43 125 210 292 
44 126 211 293 
45 127 212 294 
46 128 213 295 
47 129 214 296 
48 130 215 297 
49 131 216 298 
50 132 217 299 
51 133 218 300 
52 134 219 301 
53 135 220 302 
54 136 221 303 
55 137 222 304 
56 138 223 305 
57 139 224 306 
58 140 225 307 
59 141 226 308 
60 142 227 309 
61 143 228 310 
62 144 229 311 
63 145 230 312 
64 146 231 313 
65 147 232 314 
66 148 233 315 
67 149 234 237 
68 150 235 238 
69 151 236 239 
70 152 158 240 
71 153 159 241 
72 154 160 242 
73 155 161 243 
74 156 162 244 
75 157 163 245 
76 79 164 246 
77 80 165 247 
78 81 166 248 
0 81 164 245 
1 82 165 246 
2 83 166 247 
3 84 167 248 
4 85 168 249 
5 86 169 250 
6 87 170 251 
7 88 171 252 
8 89 172 253 
9 90 173 254 
10 91 174 255 
11 92 175 256 
12 93 176 257 
13 94 177 258 
14 95 178 259 
15 96 179 260 
16 97 180 261 
17 98 181 262 
18 99 182 263 
19 100 183 264 
20 101 184 265 
21 102 185 266 
22 103 186 267 
23 104 187 268 
24 105 188 269 
25 106 189 270 
26 107 190 271 
27 108 191 272 
28 109 192 273 
29 110 193 274 
30 111 194 275 
31 112 195 276 
32 113 196 277 
33 114 197 278 
34 115 198 279 
35 116 199 280 
36 117 200 281 
37 118 201 282 
38 119 202 283 
39 120 203 284 
40 121 204 285 
41 122 205 286 
42 123 206 287 
43 124 207 288 
44 125 208 289 
45 126 209 290 
46 127 210 291 
47 128 211 292 
48 129 212 293 
49 130 213 294 
50 131 214 295 
51 132 215 296 
52 133 216 297 
53 134 217 298 
54 135 218 299 
55 136 219 300 
56 137 220 301 
57 138 221 302 
58 139 222 303 
59 140 223 304 
60 141 224 305 
61 142 225 306 
62 143 226 307 
63 144 227 308 
64 145 228 309 
65 146 229 310 
66 147 230 311 
67 148 231 312 
68 149 232 313 
69 150 233 314 
70 151 234 315 
71 152 235 237 
72 153 236 238 
73 154 158 239 
74 155 159 240 
75 156 160 241 
76 157 161 242 
77 79 162 243 
78 80 163 244 
0 80 161 241 
1 81 162 242 
2 82 163 243 
3 83 164 244 
4 84 165 245 
5 85 166 246 
6 86 167 247 
7 87 168 248 
8 88 169 249 
9 89 170 250 
10 90 171 251 
11 91 172 252 
12 92 173 253 
13 93 174 254 
14 94 175 255 
15 95 176 256 
16 96 177 257 
17 97 178 258 
18 98 179 259 
19 99 180 260 
20 100 181 261 
21 101 182 262 
22 102 183 263 
23 103 184 264 
24 104 185 265 
25 105 186 266 
26 106 187 267 
27 107 188 268 
28 108 189 269 
29 109 190 270 
30 110 191 271 
31 111 192 272 
32 112 193 273 
33 113 194 274 
34 114 195 275 
35 115 196 276 
36 116 197 277 
37 117 198 278 
38 118 199 279 
39 119 200 280 
40 120 201 281 
41 121 202 282 
42 122 203 283 
43 123 204 284 
44 124 205 285 
45 125 206 286 
46 126 207 287 
47 127 208 288 
48 128 209 289 
49 129 210 290 
50 130 211 291 
51 131 212 292 
52 132 213 293 
53 133 214 294 
54 134 215 295 
55 135 216 296 
56 136 217 297 
57 137 218 298 
58 138 219 299 
59 139 220 300 
60 140 221 301 
61 141 222 302 
62 142 223 303 
63 143 224 304 
64 144 225 305 
65 145 226 306 
66 146 227 307 
67 147 228 308 
68 148 229 309 
69 149 230 310 
70 150 231 311 
71 151 232 312 
72 152 233 313 
73 153 234 314 
74 154 235 315 
75 155 236 237 
76 156 158 238 
77 157 159 239 
78 79 160 240 
