0 79 158 237 316 395 474 553 632 711 790 869 948 1027 1106 1185 1264 1343 1422 1501 1580 1659 1738 1817 1896 1975 2054 2133 
1 80 159 238 317 396 475 554 633 712 791 870 949 1028 1107 1186 1265 1344 1423 1502 1581 1660 1739 1818 1897 1976 2055 2134 
2 81 160 239 318 397 476 555 634 713 792 871 950 1029 1108 1187 1266 1345 1424 1503 1582 1661 1740 1819 1898 1977 2056 2135 
3 82 161 240 319 398 477 556 635 714 793 872 951 1030 1109 1188 1267 1346 1425 1504 1583 1662 1741 1820 1899 1978 2057 2136 
4 83 162 241 320 399 478 557 636 715 794 873 952 1031 1110 1189 1268 1347 1426 1505 1584 1663 1742 1821 1900 1979 2058 2137 
5 84 163 242 321 400 479 558 637 716 795 874 953 1032 1111 1190 1269 1348 1427 1506 1585 1664 1743 1822 1901 1980 2059 2138 
6 85 164 243 322 401 480 559 638 717 796 875 954 1033 1112 1191 1270 1349 1428 1507 1586 1665 1744 1823 1902 1981 2060 2139 
7 86 165 244 323 402 481 560 639 718 797 876 955 1034 1113 1192 1271 1350 1429 1508 1587 1666 1745 1824 1903 1982 2061 2140 
8 87 166 245 324 403 482 561 640 719 798 877 956 1035 1114 1193 1272 1351 1430 1509 1588 1667 1746 1825 1904 1983 2062 2141 
9 88 167 246 325 404 483 562 641 720 799 878 957 1036 1115 1194 1273 1352 1431 1510 1589 1668 1747 1826 1905 1984 2063 2142 
10 89 168 247 326 405 484 563 642 721 800 879 958 1037 1116 1195 1274 1353 1432 1511 1590 1669 1748 1827 1906 1985 2064 2143 
11 90 169 248 327 406 485 564 643 722 801 880 959 1038 1117 1196 1275 1354 1433 1512 1591 1670 1749 1828 1907 1986 2065 2144 
12 91 170 249 328 407 486 565 644 723 802 881 960 1039 1118 1197 1276 1355 1434 1513 1592 1671 1750 1829 1908 1987 2066 2145 
13 92 171 250 329 408 487 566 645 724 803 882 961 1040 1119 1198 1277 1356 1435 1514 1593 1672 1751 1830 1909 1988 2067 2146 
14 93 172 251 330 409 488 567 646 725 804 883 962 1041 1120 1199 1278 1357 1436 1515 1594 1673 1752 1831 1910 1989 2068 2147 
15 94 173 252 331 410 489 568 647 726 805 884 963 1042 1121 1200 1279 1358 1437 1516 1595 1674 1753 1832 1911 1990 2069 2148 
16 95 174 253 332 411 490 569 648 727 806 885 964 1043 1122 1201 1280 1359 1438 1517 1596 1675 1754 1833 1912 1991 2070 2149 
17 96 175 254 333 412 491 570 649 728 807 886 965 1044 1123 1202 1281 1360 1439 1518 1597 1676 1755 1834 1913 1992 2071 2150 
18 97 176 255 334 413 492 571 650 729 808 887 966 1045 1124 1203 1282 1361 1440 1519 1598 1677 1756 1835 1914 1993 2072 2151 
19 98 177 256 335 414 493 572 651 730 809 888 967 1046 1125 1204 1283 1362 1441 1520 1599 1678 1757 1836 1915 1994 2073 2152 
20 99 178 257 336 415 494 573 652 731 810 889 968 1047 1126 1205 1284 1363 1442 1521 1600 1679 1758 1837 1916 1995 2074 2153 
21 100 179 258 337 416 495 574 653 732 811 890 969 1048 1127 1206 1285 1364 1443 1522 1601 1680 1759 1838 1917 1996 2075 2154 
22 101 180 259 338 417 496 575 654 733 812 891 970 1049 1128 1207 1286 1365 1444 1523 1602 1681 1760 1839 1918 1997 2076 2155 
23 102 181 260 339 418 497 576 655 734 813 892 971 1050 1129 1208 1287 1366 1445 1524 1603 1682 1761 1840 1919 1998 2077 2156 
24 103 182 261 340 419 498 577 656 735 814 893 972 1051 1130 1209 1288 1367 1446 1525 1604 1683 1762 1841 1920 1999 2078 2157 
25 104 183 262 341 420 499 578 657 736 815 894 973 1052 1131 1210 1289 1368 1447 1526 1605 1684 1763 1842 1921 2000 2079 2158 
26 105 184 263 342 421 500 579 658 737 816 895 974 1053 1132 1211 1290 1369 1448 1527 1606 1685 1764 1843 1922 2001 2080 2159 
27 106 185 264 343 422 501 580 659 738 817 896 975 1054 1133 1212 1291 1370 1449 1528 1607 1686 1765 1844 1923 2002 2081 2160 
28 107 186 265 344 423 502 581 660 739 818 897 976 1055 1134 1213 1292 1371 1450 1529 1608 1687 1766 1845 1924 2003 2082 2161 
29 108 187 266 345 424 503 582 661 740 819 898 977 1056 1135 1214 1293 1372 1451 1530 1609 1688 1767 1846 1925 2004 2083 2162 
30 109 188 267 346 425 504 583 662 741 820 899 978 1057 1136 1215 1294 1373 1452 1531 1610 1689 1768 1847 1926 2005 2084 2163 
31 110 189 268 347 426 505 584 663 742 821 900 979 1058 1137 1216 1295 1374 1453 1532 1611 1690 1769 1848 1927 2006 2085 2164 
32 111 190 269 348 427 506 585 664 743 822 901 980 1059 1138 1217 1296 1375 1454 1533 1612 1691 1770 1849 1928 2007 2086 2165 
33 112 191 270 349 428 507 586 665 744 823 902 981 1060 1139 1218 1297 1376 1455 1534 1613 1692 1771 1850 1929 2008 2087 2166 
34 113 192 271 350 429 508 587 666 745 824 903 982 1061 1140 1219 1298 1377 1456 1535 1614 1693 1772 1851 1930 2009 2088 2167 
35 114 193 272 351 430 509 588 667 746 825 904 983 1062 1141 1220 1299 1378 1457 1536 1615 1694 1773 1852 1931 2010 2089 2168 
36 115 194 273 352 431 510 589 668 747 826 905 984 1063 1142 1221 1300 1379 1458 1537 1616 1695 1774 1853 1932 2011 2090 2169 
37 116 195 274 353 432 511 590 669 748 827 906 985 1064 1143 1222 1301 1380 1459 1538 1617 1696 1775 1854 1933 2012 2091 2170 
38 117 196 275 354 433 512 591 670 749 828 907 986 1065 1144 1223 1302 1381 1460 1539 1618 1697 1776 1855 1934 2013 2092 2171 
39 118 197 276 355 434 513 592 671 750 829 908 987 1066 1145 1224 1303 1382 1461 1540 1619 1698 1777 1856 1935 2014 2093 2172 
40 119 198 277 356 435 514 593 672 751 830 909 988 1067 1146 1225 1304 1383 1462 1541 1620 1699 1778 1857 1936 2015 2094 2173 
41 120 199 278 357 436 515 594 673 752 831 910 989 1068 1147 1226 1305 1384 1463 1542 1621 1700 1779 1858 1937 2016 2095 2174 
42 121 200 279 358 437 516 595 674 753 832 911 990 1069 1148 1227 1306 1385 1464 1543 1622 1701 1780 1859 1938 2017 2096 2175 
43 122 201 280 359 438 517 596 675 754 833 912 991 1070 1149 1228 1307 1386 1465 1544 1623 1702 1781 1860 1939 2018 2097 2176 
44 123 202 281 360 439 518 597 676 755 834 913 992 1071 1150 1229 1308 1387 1466 1545 1624 1703 1782 1861 1940 2019 2098 2177 
45 124 203 282 361 440 519 598 677 756 835 914 993 1072 1151 1230 1309 1388 1467 1546 1625 1704 1783 1862 1941 2020 2099 2178 
46 125 204 283 362 441 520 599 678 757 836 915 994 1073 1152 1231 1310 1389 1468 1547 1626 1705 1784 1863 1942 2021 2100 2179 
47 126 205 284 363 442 521 600 679 758 837 916 995 1074 1153 1232 1311 1390 1469 1548 1627 1706 1785 1864 1943 2022 2101 2180 
48 127 206 285 364 443 522 601 680 759 838 917 996 1075 1154 1233 1312 1391 1470 1549 1628 1707 1786 1865 1944 2023 2102 2181 
49 128 207 286 365 444 523 602 681 760 839 918 997 1076 1155 1234 1313 1392 1471 1550 1629 1708 1787 1866 1945 2024 2103 2182 
50 129 208 287 366 445 524 603 682 761 840 919 998 1077 1156 1235 1314 1393 1472 1551 1630 1709 1788 1867 1946 2025 2104 2183 
51 130 209 288 367 446 525 604 683 762 841 920 999 1078 1157 1236 1315 1394 1473 1552 1631 1710 1789 1868 1947 2026 2105 2184 
52 131 210 289 368 447 526 605 684 763 842 921 1000 1079 1158 1237 1316 1395 1474 1553 1632 1711 1790 1869 1948 2027 2106 2185 
53 132 211 290 369 448 527 606 685 764 843 922 1001 1080 1159 1238 1317 1396 1475 1554 1633 1712 1791 1870 1949 2028 2107 2186 
54 133 212 291 370 449 528 607 686 765 844 923 1002 1081 1160 1239 1318 1397 1476 1555 1634 1713 1792 1871 1950 2029 2108 2187 
55 134 213 292 371 450 529 608 687 766 845 924 1003 1082 1161 1240 1319 1398 1477 1556 1635 1714 1793 1872 1951 2030 2109 2188 
56 135 214 293 372 451 530 609 688 767 846 925 1004 1083 1162 1241 1320 1399 1478 1557 1636 1715 1794 1873 1952 2031 2110 2189 
57 136 215 294 373 452 531 610 689 768 847 926 1005 1084 1163 1242 1321 1400 1479 1558 1637 1716 1795 1874 1953 2032 2111 2190 
58 137 216 295 374 453 532 611 690 769 848 927 1006 1085 1164 1243 1322 1401 1480 1559 1638 1717 1796 1875 1954 2033 2112 2191 
59 138 217 296 375 454 533 612 691 770 849 928 1007 1086 1165 1244 1323 1402 1481 1560 1639 1718 1797 1876 1955 2034 2113 2192 
60 139 218 297 376 455 534 613 692 771 850 929 1008 1087 1166 1245 1324 1403 1482 1561 1640 1719 1798 1877 1956 2035 2114 2193 
61 140 219 298 377 456 535 614 693 772 851 930 1009 1088 1167 1246 1325 1404 1483 1562 1641 1720 1799 1878 1957 2036 2115 2194 
62 141 220 299 378 457 536 615 694 773 852 931 1010 1089 1168 1247 1326 1405 1484 1563 1642 1721 1800 1879 1958 2037 2116 2195 
63 142 221 300 379 458 537 616 695 774 853 932 1011 1090 1169 1248 1327 1406 1485 1564 1643 1722 1801 1880 1959 2038 2117 2196 
64 143 222 301 380 459 538 617 696 775 854 933 1012 1091 1170 1249 1328 1407 1486 1565 1644 1723 1802 1881 1960 2039 2118 2197 
65 144 223 302 381 460 539 618 697 776 855 934 1013 1092 1171 1250 1329 1408 1487 1566 1645 1724 1803 1882 1961 2040 2119 2198 
66 145 224 303 382 461 540 619 698 777 856 935 1014 1093 1172 1251 1330 1409 1488 1567 1646 1725 1804 1883 1962 2041 2120 2199 
67 146 225 304 383 462 541 620 699 778 857 936 1015 1094 1173 1252 1331 1410 1489 1568 1647 1726 1805 1884 1963 2042 2121 2200 
68 147 226 305 384 463 542 621 700 779 858 937 1016 1095 1174 1253 1332 1411 1490 1569 1648 1727 1806 1885 1964 2043 2122 2201 
69 148 227 306 385 464 543 622 701 780 859 938 1017 1096 1175 1254 1333 1412 1491 1570 1649 1728 1807 1886 1965 2044 2123 2202 
70 149 228 307 386 465 544 623 702 781 860 939 1018 1097 1176 1255 1334 1413 1492 1571 1650 1729 1808 1887 1966 2045 2124 2203 
71 150 229 308 387 466 545 624 703 782 861 940 1019 1098 1177 1256 1335 1414 1493 1572 1651 1730 1809 1888 1967 2046 2125 2204 
72 151 230 309 388 467 546 625 704 783 862 941 1020 1099 1178 1257 1336 1415 1494 1573 1652 1731 1810 1889 1968 2047 2126 2205 
73 152 231 310 389 468 547 626 705 784 863 942 1021 1100 1179 1258 1337 1416 1495 1574 1653 1732 1811 1890 1969 2048 2127 2206 
74 153 232 311 390 469 548 627 706 785 864 943 1022 1101 1180 1259 1338 1417 1496 1575 1654 1733 1812 1891 1970 2049 2128 2207 
75 154 233 312 391 470 549 628 707 786 865 944 1023 1102 1181 1260 1339 1418 1497 1576 1655 1734 1813 1892 1971 2050 2129 2208 
76 155 234 313 392 471 550 629 708 787 866 945 1024 1103 1182 1261 1340 1419 1498 1577 1656 1735 1814 1893 1972 2051 2130 2209 
77 156 235 314 393 472 551 630 709 788 867 946 1025 1104 1183 1262 1341 1420 1499 1578 1657 1736 1815 1894 1973 2052 2131 2210 
78 157 236 315 394 473 552 631 710 789 868 947 1026 1105 1184 1263 1342 1421 1500 1579 1658 1737 1816 1895 1974 2053 2132 2211 
2 85 165 251 333 413 496 579 659 741 826 906 986 1073 1153 1234 1319 1399 1479 1559 1641 1721 1803 1883 1963 2051 2131 2211 
3 86 166 252 334 414 497 580 660 742 827 907 987 1074 1154 1235 1320 1400 1480 1560 1642 1722 1804 1884 1964 2052 2132 2133 
4 87 167 253 335 415 498 581 661 743 828 908 988 1075 1155 1236 1321 1401 1481 1561 1643 1723 1805 1885 1965 2053 2054 2134 
5 88 168 254 336 416 499 582 662 744 829 909 989 1076 1156 1237 1322 1402 1482 1562 1644 1724 1806 1886 1966 1975 2055 2135 
6 89 169 255 337 417 500 583 663 745 830 910 990 1077 1157 1238 1323 1403 1483 1563 1645 1725 1807 1887 1967 1976 2056 2136 
7 90 170 256 338 418 501 584 664 746 831 911 991 1078 1158 1239 1324 1404 1484 1564 1646 1726 1808 1888 1968 1977 2057 2137 
8 91 171 257 339 419 502 585 665 747 832 912 992 1079 1159 1240 1325 1405 1485 1565 1647 1727 1809 1889 1969 1978 2058 2138 
9 92 172 258 340 420 503 586 666 748 833 913 993 1080 1160 1241 1326 1406 1486 1566 1648 1728 1810 1890 1970 1979 2059 2139 
10 93 173 259 341 421 504 587 667 749 834 914 994 1081 1161 1242 1327 1407 1487 1567 1649 1729 1811 1891 1971 1980 2060 2140 
11 94 174 260 342 422 505 588 668 750 835 915 995 1082 1162 1243 1328 1408 1488 1568 1650 1730 1812 1892 1972 1981 2061 2141 
12 95 175 261 343 423 506 589 669 751 836 916 996 1083 1163 1244 1329 1409 1489 1569 1651 1731 1813 1893 1973 1982 2062 2142 
13 96 176 262 344 424 507 590 670 752 837 917 997 1084 1164 1245 1330 1410 1490 1570 1652 1732 1814 1894 1974 1983 2063 2143 
14 97 177 263 345 425 508 591 671 753 838 918 998 1085 1165 1246 1331 1411 1491 1571 1653 1733 1815 1895 1896 1984 2064 2144 
15 98 178 264 346 426 509 592 672 754 839 919 999 1086 1166 1247 1332 1412 1492 1572 1654 1734 1816 1817 1897 1985 2065 2145 
16 99 179 265 347 427 510 593 673 755 840 920 1000 1087 1167 1248 1333 1413 1493 1573 1655 1735 1738 1818 1898 1986 2066 2146 
17 100 180 266 348 428 511 594 674 756 841 921 1001 1088 1168 1249 1334 1414 1494 1574 1656 1736 1739 1819 1899 1987 2067 2147 
18 101 181 267 349 429 512 595 675 757 842 922 1002 1089 1169 1250 1335 1415 1495 1575 1657 1737 1740 1820 1900 1988 2068 2148 
19 102 182 268 350 430 513 596 676 758 843 923 1003 1090 1170 1251 1336 1416 1496 1576 1658 1659 1741 1821 1901 1989 2069 2149 
20 103 183 269 351 431 514 597 677 759 844 924 1004 1091 1171 1252 1337 1417 1497 1577 1580 1660 1742 1822 1902 1990 2070 2150 
21 104 184 270 352 432 515 598 678 760 845 925 1005 1092 1172 1253 1338 1418 1498 1578 1581 1661 1743 1823 1903 1991 2071 2151 
22 105 185 271 353 433 516 599 679 761 846 926 1006 1093 1173 1254 1339 1419 1499 1579 1582 1662 1744 1824 1904 1992 2072 2152 
23 106 186 272 354 434 517 600 680 762 847 927 1007 1094 1174 1255 1340 1420 1500 1501 1583 1663 1745 1825 1905 1993 2073 2153 
24 107 187 273 355 435 518 601 681 763 848 928 1008 1095 1175 1256 1341 1421 1422 1502 1584 1664 1746 1826 1906 1994 2074 2154 
25 108 188 274 356 436 519 602 682 764 849 929 1009 1096 1176 1257 1342 1343 1423 1503 1585 1665 1747 1827 1907 1995 2075 2155 
26 109 189 275 357 437 520 603 683 765 850 930 1010 1097 1177 1258 1264 1344 1424 1504 1586 1666 1748 1828 1908 1996 2076 2156 
27 110 190 276 358 438 521 604 684 766 851 931 1011 1098 1178 1259 1265 1345 1425 1505 1587 1667 1749 1829 1909 1997 2077 2157 
28 111 191 277 359 439 522 605 685 767 852 932 1012 1099 1179 1260 1266 1346 1426 1506 1588 1668 1750 1830 1910 1998 2078 2158 
29 112 192 278 360 440 523 606 686 768 853 933 1013 1100 1180 1261 1267 1347 1427 1507 1589 1669 1751 1831 1911 1999 2079 2159 
30 113 193 279 361 441 524 607 687 769 854 934 1014 1101 1181 1262 1268 1348 1428 1508 1590 1670 1752 1832 1912 2000 2080 2160 
31 114 194 280 362 442 525 608 688 770 855 935 1015 1102 1182 1263 1269 1349 1429 1509 1591 1671 1753 1833 1913 2001 2081 2161 
32 115 195 281 363 443 526 609 689 771 856 936 1016 1103 1183 1185 1270 1350 1430 1510 1592 1672 1754 1834 1914 2002 2082 2162 
33 116 196 282 364 444 527 610 690 772 857 937 1017 1104 1184 1186 1271 1351 1431 1511 1593 1673 1755 1835 1915 2003 2083 2163 
34 117 197 283 365 445 528 611 691 773 858 938 1018 1105 1106 1187 1272 1352 1432 1512 1594 1674 1756 1836 1916 2004 2084 2164 
35 118 198 284 366 446 529 612 692 774 859 939 1019 1027 1107 1188 1273 1353 1433 1513 1595 1675 1757 1837 1917 2005 2085 2165 
36 119 199 285 367 447 530 613 693 775 860 940 1020 1028 1108 1189 1274 1354 1434 1514 1596 1676 1758 1838 1918 2006 2086 2166 
37 120 200 286 368 448 531 614 694 776 861 941 1021 1029 1109 1190 1275 1355 1435 1515 1597 1677 1759 1839 1919 2007 2087 2167 
38 121 201 287 369 449 532 615 695 777 862 942 1022 1030 1110 1191 1276 1356 1436 1516 1598 1678 1760 1840 1920 2008 2088 2168 
39 122 202 288 370 450 533 616 696 778 863 943 1023 1031 1111 1192 1277 1357 1437 1517 1599 1679 1761 1841 1921 2009 2089 2169 
40 123 203 289 371 451 534 617 697 779 864 944 1024 1032 1112 1193 1278 1358 1438 1518 1600 1680 1762 1842 1922 2010 2090 2170 
41 124 204 290 372 452 535 618 698 780 865 945 1025 1033 1113 1194 1279 1359 1439 1519 1601 1681 1763 1843 1923 2011 2091 2171 
42 125 205 291 373 453 536 619 699 781 866 946 1026 1034 1114 1195 1280 1360 1440 1520 1602 1682 1764 1844 1924 2012 2092 2172 
43 126 206 292 374 454 537 620 700 782 867 947 948 1035 1115 1196 1281 1361 1441 1521 1603 1683 1765 1845 1925 2013 2093 2173 
44 127 207 293 375 455 538 621 701 783 868 869 949 1036 1116 1197 1282 1362 1442 1522 1604 1684 1766 1846 1926 2014 2094 2174 
45 128 208 294 376 456 539 622 702 784 790 870 950 1037 1117 1198 1283 1363 1443 1523 1605 1685 1767 1847 1927 2015 2095 2175 
46 129 209 295 377 457 540 623 703 785 791 871 951 1038 1118 1199 1284 1364 1444 1524 1606 1686 1768 1848 1928 2016 2096 2176 
47 130 210 296 378 458 541 624 704 786 792 872 952 1039 1119 1200 1285 1365 1445 1525 1607 1687 1769 1849 1929 2017 2097 2177 
48 131 211 297 379 459 542 625 705 787 793 873 953 1040 1120 1201 1286 1366 1446 1526 1608 1688 1770 1850 1930 2018 2098 2178 
49 132 212 298 380 460 543 626 706 788 794 874 954 1041 1121 1202 1287 1367 1447 1527 1609 1689 1771 1851 1931 2019 2099 2179 
50 133 213 299 381 461 544 627 707 789 795 875 955 1042 1122 1203 1288 1368 1448 1528 1610 1690 1772 1852 1932 2020 2100 2180 
51 134 214 300 382 462 545 628 708 711 796 876 956 1043 1123 1204 1289 1369 1449 1529 1611 1691 1773 1853 1933 2021 2101 2181 
52 135 215 301 383 463 546 629 709 712 797 877 957 1044 1124 1205 1290 1370 1450 1530 1612 1692 1774 1854 1934 2022 2102 2182 
53 136 216 302 384 464 547 630 710 713 798 878 958 1045 1125 1206 1291 1371 1451 1531 1613 1693 1775 1855 1935 2023 2103 2183 
54 137 217 303 385 465 548 631 632 714 799 879 959 1046 1126 1207 1292 1372 1452 1532 1614 1694 1776 1856 1936 2024 2104 2184 
55 138 218 304 386 466 549 553 633 715 800 880 960 1047 1127 1208 1293 1373 1453 1533 1615 1695 1777 1857 1937 2025 2105 2185 
56 139 219 305 387 467 550 554 634 716 801 881 961 1048 1128 1209 1294 1374 1454 1534 1616 1696 1778 1858 1938 2026 2106 2186 
57 140 220 306 388 468 551 555 635 717 802 882 962 1049 1129 1210 1295 1375 1455 1535 1617 1697 1779 1859 1939 2027 2107 2187 
58 141 221 307 389 469 552 556 636 718 803 883 963 1050 1130 1211 1296 1376 1456 1536 1618 1698 1780 1860 1940 2028 2108 2188 
59 142 222 308 390 470 474 557 637 719 804 884 964 1051 1131 1212 1297 1377 1457 1537 1619 1699 1781 1861 1941 2029 2109 2189 
60 143 223 309 391 471 475 558 638 720 805 885 965 1052 1132 1213 1298 1378 1458 1538 1620 1700 1782 1862 1942 2030 2110 2190 
61 144 224 310 392 472 476 559 639 721 806 886 966 1053 1133 1214 1299 1379 1459 1539 1621 1701 1783 1863 1943 2031 2111 2191 
62 145 225 311 393 473 477 560 640 722 807 887 967 1054 1134 1215 1300 1380 1460 1540 1622 1702 1784 1864 1944 2032 2112 2192 
63 146 226 312 394 395 478 561 641 723 808 888 968 1055 1135 1216 1301 1381 1461 1541 1623 1703 1785 1865 1945 2033 2113 2193 
64 147 227 313 316 396 479 562 642 724 809 889 969 1056 1136 1217 1302 1382 1462 1542 1624 1704 1786 1866 1946 2034 2114 2194 
65 148 228 314 317 397 480 563 643 725 810 890 970 1057 1137 1218 1303 1383 1463 1543 1625 1705 1787 1867 1947 2035 2115 2195 
66 149 229 315 318 398 481 564 644 726 811 891 971 1058 1138 1219 1304 1384 1464 1544 1626 1706 1788 1868 1948 2036 2116 2196 
67 150 230 237 319 399 482 565 645 727 812 892 972 1059 1139 1220 1305 1385 1465 1545 1627 1707 1789 1869 1949 2037 2117 2197 
68 151 231 238 320 400 483 566 646 728 813 893 973 1060 1140 1221 1306 1386 1466 1546 1628 1708 1790 1870 1950 2038 2118 2198 
69 152 232 239 321 401 484 567 647 729 814 894 974 1061 1141 1222 1307 1387 1467 1547 1629 1709 1791 1871 1951 2039 2119 2199 
70 153 233 240 322 402 485 568 648 730 815 895 975 1062 1142 1223 1308 1388 1468 1548 1630 1710 1792 1872 1952 2040 2120 2200 
71 154 234 241 323 403 486 569 649 731 816 896 976 1063 1143 1224 1309 1389 1469 1549 1631 1711 1793 1873 1953 2041 2121 2201 
72 155 235 242 324 404 487 570 650 732 817 897 977 1064 1144 1225 1310 1390 1470 1550 1632 1712 1794 1874 1954 2042 2122 2202 
73 156 236 243 325 405 488 571 651 733 818 898 978 1065 1145 1226 1311 1391 1471 1551 1633 1713 1795 1875 1955 2043 2123 2203 
74 157 158 244 326 406 489 572 652 734 819 899 979 1066 1146 1227 1312 1392 1472 1552 1634 1714 1796 1876 1956 2044 2124 2204 
75 79 159 245 327 407 490 573 653 735 820 900 980 1067 1147 1228 1313 1393 1473 1553 1635 1715 1797 1877 1957 2045 2125 2205 
76 80 160 246 328 408 491 574 654 736 821 901 981 1068 1148 1229 1314 1394 1474 1554 1636 1716 1798 1878 1958 2046 2126 2206 
77 81 161 247 329 409 492 575 655 737 822 902 982 1069 1149 1230 1315 1395 1475 1555 1637 1717 1799 1879 1959 2047 2127 2207 
78 82 162 248 330 410 493 576 656 738 823 903 983 1070 1150 1231 1316 1396 1476 1556 1638 1718 1800 1880 1960 2048 2128 2208 
0 83 163 249 331 411 494 577 657 739 824 904 984 1071 1151 1232 1317 1397 1477 1557 1639 1719 1801 1881 1961 2049 2129 2209 
1 84 164 250 332 412 495 578 658 740 825 905 985 1072 1152 1233 1318 1398 1478 1558 1640 1720 1802 1882 1962 2050 2130 2210 
6 97 179 279 367 449 540 631 634 722 819 901 983 1086 1168 1253 1271 1353 1435 1517 1605 1687 1775 1857 1939 2045 2127 2209 
7 98 180 280 368 450 541 553 635 723 820 902 984 1087 1169 1254 1272 1354 1436 1518 1606 1688 1776 1858 1940 2046 2128 2210 
8 99 181 281 369 451 542 554 636 724 821 903 985 1088 1170 1255 1273 1355 1437 1519 1607 1689 1777 1859 1941 2047 2129 2211 
9 100 182 282 370 452 543 555 637 725 822 904 986 1089 1171 1256 1274 1356 1438 1520 1608 1690 1778 1860 1942 2048 2130 2133 
10 101 183 283 371 453 544 556 638 726 823 905 987 1090 1172 1257 1275 1357 1439 1521 1609 1691 1779 1861 1943 2049 2131 2134 
11 102 184 284 372 454 545 557 639 727 824 906 988 1091 1173 1258 1276 1358 1440 1522 1610 1692 1780 1862 1944 2050 2132 2135 
12 103 185 285 373 455 546 558 640 728 825 907 989 1092 1174 1259 1277 1359 1441 1523 1611 1693 1781 1863 1945 2051 2054 2136 
13 104 186 286 374 456 547 559 641 729 826 908 990 1093 1175 1260 1278 1360 1442 1524 1612 1694 1782 1864 1946 2052 2055 2137 
14 105 187 287 375 457 548 560 642 730 827 909 991 1094 1176 1261 1279 1361 1443 1525 1613 1695 1783 1865 1947 2053 2056 2138 
15 106 188 288 376 458 549 561 643 731 828 910 992 1095 1177 1262 1280 1362 1444 1526 1614 1696 1784 1866 1948 1975 2057 2139 
16 107 189 289 377 459 550 562 644 732 829 911 993 1096 1178 1263 1281 1363 1445 1527 1615 1697 1785 1867 1949 1976 2058 2140 
17 108 190 290 378 460 551 563 645 733 830 912 994 1097 1179 1185 1282 1364 1446 1528 1616 1698 1786 1868 1950 1977 2059 2141 
18 109 191 291 379 461 552 564 646 734 831 913 995 1098 1180 1186 1283 1365 1447 1529 1617 1699 1787 1869 1951 1978 2060 2142 
19 110 192 292 380 462 474 565 647 735 832 914 996 1099 1181 1187 1284 1366 1448 1530 1618 1700 1788 1870 1952 1979 2061 2143 
20 111 193 293 381 463 475 566 648 736 833 915 997 1100 1182 1188 1285 1367 1449 1531 1619 1701 1789 1871 1953 1980 2062 2144 
21 112 194 294 382 464 476 567 649 737 834 916 998 1101 1183 1189 1286 1368 1450 1532 1620 1702 1790 1872 1954 1981 2063 2145 
22 113 195 295 383 465 477 568 650 738 835 917 999 1102 1184 1190 1287 1369 1451 1533 1621 1703 1791 1873 1955 1982 2064 2146 
23 114 196 296 384 466 478 569 651 739 836 918 1000 1103 1106 1191 1288 1370 1452 1534 1622 1704 1792 1874 1956 1983 2065 2147 
24 115 197 297 385 467 479 570 652 740 837 919 1001 1104 1107 1192 1289 1371 1453 1535 1623 1705 1793 1875 1957 1984 2066 2148 
25 116 198 298 386 468 480 571 653 741 838 920 1002 1105 1108 1193 1290 1372 1454 1536 1624 1706 1794 1876 1958 1985 2067 2149 
26 117 199 299 387 469 481 572 654 742 839 921 1003 1027 1109 1194 1291 1373 1455 1537 1625 1707 1795 1877 1959 1986 2068 2150 
27 118 200 300 388 470 482 573 655 743 840 922 1004 1028 1110 1195 1292 1374 1456 1538 1626 1708 1796 1878 1960 1987 2069 2151 
28 119 201 301 389 471 483 574 656 744 841 923 1005 1029 1111 1196 1293 1375 1457 1539 1627 1709 1797 1879 1961 1988 2070 2152 
29 120 202 302 390 472 484 575 657 745 842 924 1006 1030 1112 1197 1294 1376 1458 1540 1628 1710 1798 1880 1962 1989 2071 2153 
30 121 203 303 391 473 485 576 658 746 843 925 1007 1031 1113 1198 1295 1377 1459 1541 1629 1711 1799 1881 1963 1990 2072 2154 
31 122 204 304 392 395 486 577 659 747 844 926 1008 1032 1114 1199 1296 1378 1460 1542 1630 1712 1800 1882 1964 1991 2073 2155 
32 123 205 305 393 396 487 578 660 748 845 927 1009 1033 1115 1200 1297 1379 1461 1543 1631 1713 1801 1883 1965 1992 2074 2156 
33 124 206 306 394 397 488 579 661 749 846 928 1010 1034 1116 1201 1298 1380 1462 1544 1632 1714 1802 1884 1966 1993 2075 2157 
34 125 207 307 316 398 489 580 662 750 847 929 1011 1035 1117 1202 1299 1381 1463 1545 1633 1715 1803 1885 1967 1994 2076 2158 
35 126 208 308 317 399 490 581 663 751 848 930 1012 1036 1118 1203 1300 1382 1464 1546 1634 1716 1804 1886 1968 1995 2077 2159 
36 127 209 309 318 400 491 582 664 752 849 931 1013 1037 1119 1204 1301 1383 1465 1547 1635 1717 1805 1887 1969 1996 2078 2160 
37 128 210 310 319 401 492 583 665 753 850 932 1014 1038 1120 1205 1302 1384 1466 1548 1636 1718 1806 1888 1970 1997 2079 2161 
38 129 211 311 320 402 493 584 666 754 851 933 1015 1039 1121 1206 1303 1385 1467 1549 1637 1719 1807 1889 1971 1998 2080 2162 
39 130 212 312 321 403 494 585 667 755 852 934 1016 1040 1122 1207 1304 1386 1468 1550 1638 1720 1808 1890 1972 1999 2081 2163 
40 131 213 313 322 404 495 586 668 756 853 935 1017 1041 1123 1208 1305 1387 1469 1551 1639 1721 1809 1891 1973 2000 2082 2164 
41 132 214 314 323 405 496 587 669 757 854 936 1018 1042 1124 1209 1306 1388 1470 1552 1640 1722 1810 1892 1974 2001 2083 2165 
42 133 215 315 324 406 497 588 670 758 855 937 1019 1043 1125 1210 1307 1389 1471 1553 1641 1723 1811 1893 1896 2002 2084 2166 
43 134 216 237 325 407 498 589 671 759 856 938 1020 1044 1126 1211 1308 1390 1472 1554 1642 1724 1812 1894 1897 2003 2085 2167 
44 135 217 238 326 408 499 590 672 760 857 939 1021 1045 1127 1212 1309 1391 1473 1555 1643 1725 1813 1895 1898 2004 2086 2168 
45 136 218 239 327 409 500 591 673 761 858 940 1022 1046 1128 1213 1310 1392 1474 1556 1644 1726 1814 1817 1899 2005 2087 2169 
46 137 219 240 328 410 501 592 674 762 859 941 1023 1047 1129 1214 1311 1393 1475 1557 1645 1727 1815 1818 1900 2006 2088 2170 
47 138 220 241 329 411 502 593 675 763 860 942 1024 1048 1130 1215 1312 1394 1476 1558 1646 1728 1816 1819 1901 2007 2089 2171 
48 139 221 242 330 412 503 594 676 764 861 943 1025 1049 1131 1216 1313 1395 1477 1559 1647 1729 1738 1820 1902 2008 2090 2172 
49 140 222 243 331 413 504 595 677 765 862 944 1026 1050 1132 1217 1314 1396 1478 1560 1648 1730 1739 1821 1903 2009 2091 2173 
50 141 223 244 332 414 505 596 678 766 863 945 948 1051 1133 1218 1315 1397 1479 1561 1649 1731 1740 1822 1904 2010 2092 2174 
51 142 224 245 333 415 506 597 679 767 864 946 949 1052 1134 1219 1316 1398 1480 1562 1650 1732 1741 1823 1905 2011 2093 2175 
52 143 225 246 334 416 507 598 680 768 865 947 950 1053 1135 1220 1317 1399 1481 1563 1651 1733 1742 1824 1906 2012 2094 2176 
53 144 226 247 335 417 508 599 681 769 866 869 951 1054 1136 1221 1318 1400 1482 1564 1652 1734 1743 1825 1907 2013 2095 2177 
54 145 227 248 336 418 509 600 682 770 867 870 952 1055 1137 1222 1319 1401 1483 1565 1653 1735 1744 1826 1908 2014 2096 2178 
55 146 228 249 337 419 510 601 683 771 868 871 953 1056 1138 1223 1320 1402 1484 1566 1654 1736 1745 1827 1909 2015 2097 2179 
56 147 229 250 338 420 511 602 684 772 790 872 954 1057 1139 1224 1321 1403 1485 1567 1655 1737 1746 1828 1910 2016 2098 2180 
57 148 230 251 339 421 512 603 685 773 791 873 955 1058 1140 1225 1322 1404 1486 1568 1656 1659 1747 1829 1911 2017 2099 2181 
58 149 231 252 340 422 513 604 686 774 792 874 956 1059 1141 1226 1323 1405 1487 1569 1657 1660 1748 1830 1912 2018 2100 2182 
59 150 232 253 341 423 514 605 687 775 793 875 957 1060 1142 1227 1324 1406 1488 1570 1658 1661 1749 1831 1913 2019 2101 2183 
60 151 233 254 342 424 515 606 688 776 794 876 958 1061 1143 1228 1325 1407 1489 1571 1580 1662 1750 1832 1914 2020 2102 2184 
61 152 234 255 343 425 516 607 689 777 795 877 959 1062 1144 1229 1326 1408 1490 1572 1581 1663 1751 1833 1915 2021 2103 2185 
62 153 235 256 344 426 517 608 690 778 796 878 960 1063 1145 1230 1327 1409 1491 1573 1582 1664 1752 1834 1916 2022 2104 2186 
63 154 236 257 345 427 518 609 691 779 797 879 961 1064 1146 1231 1328 1410 1492 1574 1583 1665 1753 1835 1917 2023 2105 2187 
64 155 158 258 346 428 519 610 692 780 798 880 962 1065 1147 1232 1329 1411 1493 1575 1584 1666 1754 1836 1918 2024 2106 2188 
65 156 159 259 347 429 520 611 693 781 799 881 963 1066 1148 1233 1330 1412 1494 1576 1585 1667 1755 1837 1919 2025 2107 2189 
66 157 160 260 348 430 521 612 694 782 800 882 964 1067 1149 1234 1331 1413 1495 1577 1586 1668 1756 1838 1920 2026 2108 2190 
67 79 161 261 349 431 522 613 695 783 801 883 965 1068 1150 1235 1332 1414 1496 1578 1587 1669 1757 1839 1921 2027 2109 2191 
68 80 162 262 350 432 523 614 696 784 802 884 966 1069 1151 1236 1333 1415 1497 1579 1588 1670 1758 1840 1922 2028 2110 2192 
69 81 163 263 351 433 524 615 697 785 803 885 967 1070 1152 1237 1334 1416 1498 1501 1589 1671 1759 1841 1923 2029 2111 2193 
70 82 164 264 352 434 525 616 698 786 804 886 968 1071 1153 1238 1335 1417 1499 1502 1590 1672 1760 1842 1924 2030 2112 2194 
71 83 165 265 353 435 526 617 699 787 805 887 969 1072 1154 1239 1336 1418 1500 1503 1591 1673 1761 1843 1925 2031 2113 2195 
72 84 166 266 354 436 527 618 700 788 806 888 970 1073 1155 1240 1337 1419 1422 1504 1592 1674 1762 1844 1926 2032 2114 2196 
73 85 167 267 355 437 528 619 701 789 807 889 971 1074 1156 1241 1338 1420 1423 1505 1593 1675 1763 1845 1927 2033 2115 2197 
74 86 168 268 356 438 529 620 702 711 808 890 972 1075 1157 1242 1339 1421 1424 1506 1594 1676 1764 1846 1928 2034 2116 2198 
75 87 169 269 357 439 530 621 703 712 809 891 973 1076 1158 1243 1340 1343 1425 1507 1595 1677 1765 1847 1929 2035 2117 2199 
76 88 170 270 358 440 531 622 704 713 810 892 974 1077 1159 1244 1341 1344 1426 1508 1596 1678 1766 1848 1930 2036 2118 2200 
77 89 171 271 359 441 532 623 705 714 811 893 975 1078 1160 1245 1342 1345 1427 1509 1597 1679 1767 1849 1931 2037 2119 2201 
78 90 172 272 360 442 533 624 706 715 812 894 976 1079 1161 1246 1264 1346 1428 1510 1598 1680 1768 1850 1932 2038 2120 2202 
0 91 173 273 361 443 534 625 707 716 813 895 977 1080 1162 1247 1265 1347 1429 1511 1599 1681 1769 1851 1933 2039 2121 2203 
1 92 174 274 362 444 535 626 708 717 814 896 978 1081 1163 1248 1266 1348 1430 1512 1600 1682 1770 1852 1934 2040 2122 2204 
2 93 175 275 363 445 536 627 709 718 815 897 979 1082 1164 1249 1267 1349 1431 1513 1601 1683 1771 1853 1935 2041 2123 2205 
3 94 176 276 364 446 537 628 710 719 816 898 980 1083 1165 1250 1268 1350 1432 1514 1602 1684 1772 1854 1936 2042 2124 2206 
4 95 177 277 365 447 538 629 632 720 817 899 981 1084 1166 1251 1269 1351 1433 1515 1603 1685 1773 1855 1937 2043 2125 2207 
5 96 178 278 366 448 539 630 633 721 818 900 982 1085 1167 1252 1270 1352 1434 1516 1604 1686 1774 1856 1938 2044 2126 2208 
8 103 186 293 384 467 483 578 661 752 855 938 1021 1053 1136 1223 1326 1409 1492 1575 1587 1670 1761 1844 1927 2042 2125 2208 
9 104 187 294 385 468 484 579 662 753 856 939 1022 1054 1137 1224 1327 1410 1493 1576 1588 1671 1762 1845 1928 2043 2126 2209 
10 105 188 295 386 469 485 580 663 754 857 940 1023 1055 1138 1225 1328 1411 1494 1577 1589 1672 1763 1846 1929 2044 2127 2210 
11 106 189 296 387 470 486 581 664 755 858 941 1024 1056 1139 1226 1329 1412 1495 1578 1590 1673 1764 1847 1930 2045 2128 2211 
12 107 190 297 388 471 487 582 665 756 859 942 1025 1057 1140 1227 1330 1413 1496 1579 1591 1674 1765 1848 1931 2046 2129 2133 
13 108 191 298 389 472 488 583 666 757 860 943 1026 1058 1141 1228 1331 1414 1497 1501 1592 1675 1766 1849 1932 2047 2130 2134 
14 109 192 299 390 473 489 584 667 758 861 944 948 1059 1142 1229 1332 1415 1498 1502 1593 1676 1767 1850 1933 2048 2131 2135 
15 110 193 300 391 395 490 585 668 759 862 945 949 1060 1143 1230 1333 1416 1499 1503 1594 1677 1768 1851 1934 2049 2132 2136 
16 111 194 301 392 396 491 586 669 760 863 946 950 1061 1144 1231 1334 1417 1500 1504 1595 1678 1769 1852 1935 2050 2054 2137 
17 112 195 302 393 397 492 587 670 761 864 947 951 1062 1145 1232 1335 1418 1422 1505 1596 1679 1770 1853 1936 2051 2055 2138 
18 113 196 303 394 398 493 588 671 762 865 869 952 1063 1146 1233 1336 1419 1423 1506 1597 1680 1771 1854 1937 2052 2056 2139 
19 114 197 304 316 399 494 589 672 763 866 870 953 1064 1147 1234 1337 1420 1424 1507 1598 1681 1772 1855 1938 2053 2057 2140 
20 115 198 305 317 400 495 590 673 764 867 871 954 1065 1148 1235 1338 1421 1425 1508 1599 1682 1773 1856 1939 1975 2058 2141 
21 116 199 306 318 401 496 591 674 765 868 872 955 1066 1149 1236 1339 1343 1426 1509 1600 1683 1774 1857 1940 1976 2059 2142 
22 117 200 307 319 402 497 592 675 766 790 873 956 1067 1150 1237 1340 1344 1427 1510 1601 1684 1775 1858 1941 1977 2060 2143 
23 118 201 308 320 403 498 593 676 767 791 874 957 1068 1151 1238 1341 1345 1428 1511 1602 1685 1776 1859 1942 1978 2061 2144 
24 119 202 309 321 404 499 594 677 768 792 875 958 1069 1152 1239 1342 1346 1429 1512 1603 1686 1777 1860 1943 1979 2062 2145 
25 120 203 310 322 405 500 595 678 769 793 876 959 1070 1153 1240 1264 1347 1430 1513 1604 1687 1778 1861 1944 1980 2063 2146 
26 121 204 311 323 406 501 596 679 770 794 877 960 1071 1154 1241 1265 1348 1431 1514 1605 1688 1779 1862 1945 1981 2064 2147 
27 122 205 312 324 407 502 597 680 771 795 878 961 1072 1155 1242 1266 1349 1432 1515 1606 1689 1780 1863 1946 1982 2065 2148 
28 123 206 313 325 408 503 598 681 772 796 879 962 1073 1156 1243 1267 1350 1433 1516 1607 1690 1781 1864 1947 1983 2066 2149 
29 124 207 314 326 409 504 599 682 773 797 880 963 1074 1157 1244 1268 1351 1434 1517 1608 1691 1782 1865 1948 1984 2067 2150 
30 125 208 315 327 410 505 600 683 774 798 881 964 1075 1158 1245 1269 1352 1435 1518 1609 1692 1783 1866 1949 1985 2068 2151 
31 126 209 237 328 411 506 601 684 775 799 882 965 1076 1159 1246 1270 1353 1436 1519 1610 1693 1784 1867 1950 1986 2069 2152 
32 127 210 238 329 412 507 602 685 776 800 883 966 1077 1160 1247 1271 1354 1437 1520 1611 1694 1785 1868 1951 1987 2070 2153 
33 128 211 239 330 413 508 603 686 777 801 884 967 1078 1161 1248 1272 1355 1438 1521 1612 1695 1786 1869 1952 1988 2071 2154 
34 129 212 240 331 414 509 604 687 778 802 885 968 1079 1162 1249 1273 1356 1439 1522 1613 1696 1787 1870 1953 1989 2072 2155 
35 130 213 241 332 415 510 605 688 779 803 886 969 1080 1163 1250 1274 1357 1440 1523 1614 1697 1788 1871 1954 1990 2073 2156 
36 131 214 242 333 416 511 606 689 780 804 887 970 1081 1164 1251 1275 1358 1441 1524 1615 1698 1789 1872 1955 1991 2074 2157 
37 132 215 243 334 417 512 607 690 781 805 888 971 1082 1165 1252 1276 1359 1442 1525 1616 1699 1790 1873 1956 1992 2075 2158 
38 133 216 244 335 418 513 608 691 782 806 889 972 1083 1166 1253 1277 1360 1443 1526 1617 1700 1791 1874 1957 1993 2076 2159 
39 134 217 245 336 419 514 609 692 783 807 890 973 1084 1167 1254 1278 1361 1444 1527 1618 1701 1792 1875 1958 1994 2077 2160 
40 135 218 246 337 420 515 610 693 784 808 891 974 1085 1168 1255 1279 1362 1445 1528 1619 1702 1793 1876 1959 1995 2078 2161 
41 136 219 247 338 421 516 611 694 785 809 892 975 1086 1169 1256 1280 1363 1446 1529 1620 1703 1794 1877 1960 1996 2079 2162 
42 137 220 248 339 422 517 612 695 786 810 893 976 1087 1170 1257 1281 1364 1447 1530 1621 1704 1795 1878 1961 1997 2080 2163 
43 138 221 249 340 423 518 613 696 787 811 894 977 1088 1171 1258 1282 1365 1448 1531 1622 1705 1796 1879 1962 1998 2081 2164 
44 139 222 250 341 424 519 614 697 788 812 895 978 1089 1172 1259 1283 1366 1449 1532 1623 1706 1797 1880 1963 1999 2082 2165 
45 140 223 251 342 425 520 615 698 789 813 896 979 1090 1173 1260 1284 1367 1450 1533 1624 1707 1798 1881 1964 2000 2083 2166 
46 141 224 252 343 426 521 616 699 711 814 897 980 1091 1174 1261 1285 1368 1451 1534 1625 1708 1799 1882 1965 2001 2084 2167 
47 142 225 253 344 427 522 617 700 712 815 898 981 1092 1175 1262 1286 1369 1452 1535 1626 1709 1800 1883 1966 2002 2085 2168 
48 143 226 254 345 428 523 618 701 713 816 899 982 1093 1176 1263 1287 1370 1453 1536 1627 1710 1801 1884 1967 2003 2086 2169 
49 144 227 255 346 429 524 619 702 714 817 900 983 1094 1177 1185 1288 1371 1454 1537 1628 1711 1802 1885 1968 2004 2087 2170 
50 145 228 256 347 430 525 620 703 715 818 901 984 1095 1178 1186 1289 1372 1455 1538 1629 1712 1803 1886 1969 2005 2088 2171 
51 146 229 257 348 431 526 621 704 716 819 902 985 1096 1179 1187 1290 1373 1456 1539 1630 1713 1804 1887 1970 2006 2089 2172 
52 147 230 258 349 432 527 622 705 717 820 903 986 1097 1180 1188 1291 1374 1457 1540 1631 1714 1805 1888 1971 2007 2090 2173 
53 148 231 259 350 433 528 623 706 718 821 904 987 1098 1181 1189 1292 1375 1458 1541 1632 1715 1806 1889 1972 2008 2091 2174 
54 149 232 260 351 434 529 624 707 719 822 905 988 1099 1182 1190 1293 1376 1459 1542 1633 1716 1807 1890 1973 2009 2092 2175 
55 150 233 261 352 435 530 625 708 720 823 906 989 1100 1183 1191 1294 1377 1460 1543 1634 1717 1808 1891 1974 2010 2093 2176 
56 151 234 262 353 436 531 626 709 721 824 907 990 1101 1184 1192 1295 1378 1461 1544 1635 1718 1809 1892 1896 2011 2094 2177 
57 152 235 263 354 437 532 627 710 722 825 908 991 1102 1106 1193 1296 1379 1462 1545 1636 1719 1810 1893 1897 2012 2095 2178 
58 153 236 264 355 438 533 628 632 723 826 909 992 1103 1107 1194 1297 1380 1463 1546 1637 1720 1811 1894 1898 2013 2096 2179 
59 154 158 265 356 439 534 629 633 724 827 910 993 1104 1108 1195 1298 1381 1464 1547 1638 1721 1812 1895 1899 2014 2097 2180 
60 155 159 266 357 440 535 630 634 725 828 911 994 1105 1109 1196 1299 1382 1465 1548 1639 1722 1813 1817 1900 2015 2098 2181 
61 156 160 267 358 441 536 631 635 726 829 912 995 1027 1110 1197 1300 1383 1466 1549 1640 1723 1814 1818 1901 2016 2099 2182 
62 157 161 268 359 442 537 553 636 727 830 913 996 1028 1111 1198 1301 1384 1467 1550 1641 1724 1815 1819 1902 2017 2100 2183 
63 79 162 269 360 443 538 554 637 728 831 914 997 1029 1112 1199 1302 1385 1468 1551 1642 1725 1816 1820 1903 2018 2101 2184 
64 80 163 270 361 444 539 555 638 729 832 915 998 1030 1113 1200 1303 1386 1469 1552 1643 1726 1738 1821 1904 2019 2102 2185 
65 81 164 271 362 445 540 556 639 730 833 916 999 1031 1114 1201 1304 1387 1470 1553 1644 1727 1739 1822 1905 2020 2103 2186 
66 82 165 272 363 446 541 557 640 731 834 917 1000 1032 1115 1202 1305 1388 1471 1554 1645 1728 1740 1823 1906 2021 2104 2187 
67 83 166 273 364 447 542 558 641 732 835 918 1001 1033 1116 1203 1306 1389 1472 1555 1646 1729 1741 1824 1907 2022 2105 2188 
68 84 167 274 365 448 543 559 642 733 836 919 1002 1034 1117 1204 1307 1390 1473 1556 1647 1730 1742 1825 1908 2023 2106 2189 
69 85 168 275 366 449 544 560 643 734 837 920 1003 1035 1118 1205 1308 1391 1474 1557 1648 1731 1743 1826 1909 2024 2107 2190 
70 86 169 276 367 450 545 561 644 735 838 921 1004 1036 1119 1206 1309 1392 1475 1558 1649 1732 1744 1827 1910 2025 2108 2191 
71 87 170 277 368 451 546 562 645 736 839 922 1005 1037 1120 1207 1310 1393 1476 1559 1650 1733 1745 1828 1911 2026 2109 2192 
72 88 171 278 369 452 547 563 646 737 840 923 1006 1038 1121 1208 1311 1394 1477 1560 1651 1734 1746 1829 1912 2027 2110 2193 
73 89 172 279 370 453 548 564 647 738 841 924 1007 1039 1122 1209 1312 1395 1478 1561 1652 1735 1747 1830 1913 2028 2111 2194 
74 90 173 280 371 454 549 565 648 739 842 925 1008 1040 1123 1210 1313 1396 1479 1562 1653 1736 1748 1831 1914 2029 2112 2195 
75 91 174 281 372 455 550 566 649 740 843 926 1009 1041 1124 1211 1314 1397 1480 1563 1654 1737 1749 1832 1915 2030 2113 2196 
76 92 175 282 373 456 551 567 650 741 844 927 1010 1042 1125 1212 1315 1398 1481 1564 1655 1659 1750 1833 1916 2031 2114 2197 
77 93 176 283 374 457 552 568 651 742 845 928 1011 1043 1126 1213 1316 1399 1482 1565 1656 1660 1751 1834 1917 2032 2115 2198 
78 94 177 284 375 458 474 569 652 743 846 929 1012 1044 1127 1214 1317 1400 1483 1566 1657 1661 1752 1835 1918 2033 2116 2199 
0 95 178 285 376 459 475 570 653 744 847 930 1013 1045 1128 1215 1318 1401 1484 1567 1658 1662 1753 1836 1919 2034 2117 2200 
1 96 179 286 377 460 476 571 654 745 848 931 1014 1046 1129 1216 1319 1402 1485 1568 1580 1663 1754 1837 1920 2035 2118 2201 
2 97 180 287 378 461 477 572 655 746 849 932 1015 1047 1130 1217 1320 1403 1486 1569 1581 1664 1755 1838 1921 2036 2119 2202 
3 98 181 288 379 462 478 573 656 747 850 933 1016 1048 1131 1218 1321 1404 1487 1570 1582 1665 1756 1839 1922 2037 2120 2203 
4 99 182 289 380 463 479 574 657 748 851 934 1017 1049 1132 1219 1322 1405 1488 1571 1583 1666 1757 1840 1923 2038 2121 2204 
5 100 183 290 381 464 480 575 658 749 852 935 1018 1050 1133 1220 1323 1406 1489 1572 1584 1667 1758 1841 1924 2039 2122 2205 
6 101 184 291 382 465 481 576 659 750 853 936 1019 1051 1134 1221 1324 1407 1490 1573 1585 1668 1759 1842 1925 2040 2123 2206 
7 102 185 292 383 466 482 577 660 751 854 937 1020 1052 1135 1222 1325 1408 1491 1574 1586 1669 1760 1843 1926 2041 2124 2207 
