11 243 465 502 746 908 980 1242 
12 244 466 503 747 909 981 1243 
13 245 467 504 748 910 982 1244 
14 246 468 505 749 911 983 1245 
15 247 469 506 750 912 984 1246 
16 248 470 507 751 913 985 1247 
17 249 471 508 752 914 986 1248 
18 250 472 509 753 915 987 1249 
19 251 473 510 754 916 988 1250 
20 252 474 511 755 917 989 1251 
21 253 475 512 702 864 990 1252 
22 254 476 513 703 865 991 1253 
23 255 477 514 704 866 992 1254 
24 256 478 515 705 867 993 1255 
25 257 479 516 706 868 994 1256 
26 258 480 517 707 869 995 1257 
27 259 481 518 708 870 996 1258 
28 260 482 519 709 871 997 1259 
29 261 483 520 710 872 998 1260 
30 262 484 521 711 873 999 1261 
31 263 485 522 712 874 1000 1262 
32 264 432 523 713 875 1001 1263 
33 265 433 524 714 876 1002 1264 
34 266 434 525 715 877 1003 1265 
35 267 435 526 716 878 1004 1266 
36 268 436 527 717 879 1005 1267 
37 269 437 528 718 880 1006 1268 
38 216 438 529 719 881 1007 1269 
39 217 439 530 720 882 1008 1270 
40 218 440 531 721 883 1009 1271 
41 219 441 532 722 884 1010 1272 
42 220 442 533 723 885 1011 1273 
43 221 443 534 724 886 1012 1274 
44 222 444 535 725 887 1013 1275 
45 223 445 536 726 888 1014 1276 
46 224 446 537 727 889 1015 1277 
47 225 447 538 728 890 1016 1278 
48 226 448 539 729 891 1017 1279 
49 227 449 486 730 892 1018 1280 
50 228 450 487 731 893 1019 1281 
51 229 451 488 732 894 1020 1282 
52 230 452 489 733 895 1021 1283 
53 231 453 490 734 896 1022 1284 
0 232 454 491 735 897 1023 1285 
1 233 455 492 736 898 1024 1286 
2 234 456 493 737 899 1025 1287 
3 235 457 494 738 900 972 1288 
4 236 458 495 739 901 973 1289 
5 237 459 496 740 902 974 1290 
6 238 460 497 741 903 975 1291 
7 239 461 498 742 904 976 1292 
8 240 462 499 743 905 977 1293 
9 241 463 500 744 906 978 1294 
10 242 464 501 745 907 979 1295 
79 301 353 569 792 952 1041 1205 
80 302 354 570 793 953 1042 1206 
81 303 355 571 794 954 1043 1207 
82 304 356 572 795 955 1044 1208 
83 305 357 573 796 956 1045 1209 
84 306 358 574 797 957 1046 1210 
85 307 359 575 798 958 1047 1211 
86 308 360 576 799 959 1048 1212 
87 309 361 577 800 960 1049 1213 
88 310 362 578 801 961 1050 1214 
89 311 363 579 802 962 1051 1215 
90 312 364 580 803 963 1052 1216 
91 313 365 581 804 964 1053 1217 
92 314 366 582 805 965 1054 1218 
93 315 367 583 806 966 1055 1219 
94 316 368 584 807 967 1056 1220 
95 317 369 585 808 968 1057 1221 
96 318 370 586 809 969 1058 1222 
97 319 371 587 756 970 1059 1223 
98 320 372 588 757 971 1060 1224 
99 321 373 589 758 918 1061 1225 
100 322 374 590 759 919 1062 1226 
101 323 375 591 760 920 1063 1227 
102 270 376 592 761 921 1064 1228 
103 271 377 593 762 922 1065 1229 
104 272 324 540 763 923 1066 1230 
105 273 325 541 764 924 1067 1231 
106 274 326 542 765 925 1068 1232 
107 275 327 543 766 926 1069 1233 
54 276 328 544 767 927 1070 1234 
55 277 329 545 768 928 1071 1235 
56 278 330 546 769 929 1072 1236 
57 279 331 547 770 930 1073 1237 
58 280 332 548 771 931 1074 1238 
59 281 333 549 772 932 1075 1239 
60 282 334 550 773 933 1076 1240 
61 283 335 551 774 934 1077 1241 
62 284 336 552 775 935 1078 1188 
63 285 337 553 776 936 1079 1189 
64 286 338 554 777 937 1026 1190 
65 287 339 555 778 938 1027 1191 
66 288 340 556 779 939 1028 1192 
67 289 341 557 780 940 1029 1193 
68 290 342 558 781 941 1030 1194 
69 291 343 559 782 942 1031 1195 
70 292 344 560 783 943 1032 1196 
71 293 345 561 784 944 1033 1197 
72 294 346 562 785 945 1034 1198 
73 295 347 563 786 946 1035 1199 
74 296 348 564 787 947 1036 1200 
75 297 349 565 788 948 1037 1201 
76 298 350 566 789 949 1038 1202 
77 299 351 567 790 950 1039 1203 
78 300 352 568 791 951 1040 1204 
152 166 389 596 698 862 1110 1167 
153 167 390 597 699 863 1111 1168 
154 168 391 598 700 810 1112 1169 
155 169 392 599 701 811 1113 1170 
156 170 393 600 648 812 1114 1171 
157 171 394 601 649 813 1115 1172 
158 172 395 602 650 814 1116 1173 
159 173 396 603 651 815 1117 1174 
160 174 397 604 652 816 1118 1175 
161 175 398 605 653 817 1119 1176 
108 176 399 606 654 818 1120 1177 
109 177 400 607 655 819 1121 1178 
110 178 401 608 656 820 1122 1179 
111 179 402 609 657 821 1123 1180 
112 180 403 610 658 822 1124 1181 
113 181 404 611 659 823 1125 1182 
114 182 405 612 660 824 1126 1183 
115 183 406 613 661 825 1127 1184 
116 184 407 614 662 826 1128 1185 
117 185 408 615 663 827 1129 1186 
118 186 409 616 664 828 1130 1187 
119 187 410 617 665 829 1131 1134 
120 188 411 618 666 830 1132 1135 
121 189 412 619 667 831 1133 1136 
122 190 413 620 668 832 1080 1137 
123 191 414 621 669 833 1081 1138 
124 192 415 622 670 834 1082 1139 
125 193 416 623 671 835 1083 1140 
126 194 417 624 672 836 1084 1141 
127 195 418 625 673 837 1085 1142 
128 196 419 626 674 838 1086 1143 
129 197 420 627 675 839 1087 1144 
130 198 421 628 676 840 1088 1145 
131 199 422 629 677 841 1089 1146 
132 200 423 630 678 842 1090 1147 
133 201 424 631 679 843 1091 1148 
134 202 425 632 680 844 1092 1149 
135 203 426 633 681 845 1093 1150 
136 204 427 634 682 846 1094 1151 
137 205 428 635 683 847 1095 1152 
138 206 429 636 684 848 1096 1153 
139 207 430 637 685 849 1097 1154 
140 208 431 638 686 850 1098 1155 
141 209 378 639 687 851 1099 1156 
142 210 379 640 688 852 1100 1157 
143 211 380 641 689 853 1101 1158 
144 212 381 642 690 854 1102 1159 
145 213 382 643 691 855 1103 1160 
146 214 383 644 692 856 1104 1161 
147 215 384 645 693 857 1105 1162 
148 162 385 646 694 858 1106 1163 
149 163 386 647 695 859 1107 1164 
150 164 387 594 696 860 1108 1165 
151 165 388 595 697 861 1109 1166 
27 250 344 506 715 891 976 1269 
28 251 345 507 716 892 977 1270 
29 252 346 508 717 893 978 1271 
30 253 347 509 718 894 979 1272 
31 254 348 510 719 895 980 1273 
32 255 349 511 720 896 981 1274 
33 256 350 512 721 897 982 1275 
34 257 351 513 722 898 983 1276 
35 258 352 514 723 899 984 1277 
36 259 353 515 724 900 985 1278 
37 260 354 516 725 901 986 1279 
38 261 355 517 726 902 987 1280 
39 262 356 518 727 903 988 1281 
40 263 357 519 728 904 989 1282 
41 264 358 520 729 905 990 1283 
42 265 359 521 730 906 991 1284 
43 266 360 522 731 907 992 1285 
44 267 361 523 732 908 993 1286 
45 268 362 524 733 909 994 1287 
46 269 363 525 734 910 995 1288 
47 216 364 526 735 911 996 1289 
48 217 365 527 736 912 997 1290 
49 218 366 528 737 913 998 1291 
50 219 367 529 738 914 999 1292 
51 220 368 530 739 915 1000 1293 
52 221 369 531 740 916 1001 1294 
53 222 370 532 741 917 1002 1295 
0 223 371 533 742 864 1003 1242 
1 224 372 534 743 865 1004 1243 
2 225 373 535 744 866 1005 1244 
3 226 374 536 745 867 1006 1245 
4 227 375 537 746 868 1007 1246 
5 228 376 538 747 869 1008 1247 
6 229 377 539 748 870 1009 1248 
7 230 324 486 749 871 1010 1249 
8 231 325 487 750 872 1011 1250 
9 232 326 488 751 873 1012 1251 
10 233 327 489 752 874 1013 1252 
11 234 328 490 753 875 1014 1253 
12 235 329 491 754 876 1015 1254 
13 236 330 492 755 877 1016 1255 
14 237 331 493 702 878 1017 1256 
15 238 332 494 703 879 1018 1257 
16 239 333 495 704 880 1019 1258 
17 240 334 496 705 881 1020 1259 
18 241 335 497 706 882 1021 1260 
19 242 336 498 707 883 1022 1261 
20 243 337 499 708 884 1023 1262 
21 244 338 500 709 885 1024 1263 
22 245 339 501 710 886 1025 1264 
23 246 340 502 711 887 972 1265 
24 247 341 503 712 888 973 1266 
25 248 342 504 713 889 974 1267 
26 249 343 505 714 890 975 1268 
96 184 389 638 760 824 1125 1151 
97 185 390 639 761 825 1126 1152 
98 186 391 640 762 826 1127 1153 
99 187 392 641 763 827 1128 1154 
100 188 393 642 764 828 1129 1155 
101 189 394 643 765 829 1130 1156 
102 190 395 644 766 830 1131 1157 
103 191 396 645 767 831 1132 1158 
104 192 397 646 768 832 1133 1159 
105 193 398 647 769 833 1080 1160 
106 194 399 594 770 834 1081 1161 
107 195 400 595 771 835 1082 1162 
54 196 401 596 772 836 1083 1163 
55 197 402 597 773 837 1084 1164 
56 198 403 598 774 838 1085 1165 
57 199 404 599 775 839 1086 1166 
58 200 405 600 776 840 1087 1167 
59 201 406 601 777 841 1088 1168 
60 202 407 602 778 842 1089 1169 
61 203 408 603 779 843 1090 1170 
62 204 409 604 780 844 1091 1171 
63 205 410 605 781 845 1092 1172 
64 206 411 606 782 846 1093 1173 
65 207 412 607 783 847 1094 1174 
66 208 413 608 784 848 1095 1175 
67 209 414 609 785 849 1096 1176 
68 210 415 610 786 850 1097 1177 
69 211 416 611 787 851 1098 1178 
70 212 417 612 788 852 1099 1179 
71 213 418 613 789 853 1100 1180 
72 214 419 614 790 854 1101 1181 
73 215 420 615 791 855 1102 1182 
74 162 421 616 792 856 1103 1183 
75 163 422 617 793 857 1104 1184 
76 164 423 618 794 858 1105 1185 
77 165 424 619 795 859 1106 1186 
78 166 425 620 796 860 1107 1187 
79 167 426 621 797 861 1108 1134 
80 168 427 622 798 862 1109 1135 
81 169 428 623 799 863 1110 1136 
82 170 429 624 800 810 1111 1137 
83 171 430 625 801 811 1112 1138 
84 172 431 626 802 812 1113 1139 
85 173 378 627 803 813 1114 1140 
86 174 379 628 804 814 1115 1141 
87 175 380 629 805 815 1116 1142 
88 176 381 630 806 816 1117 1143 
89 177 382 631 807 817 1118 1144 
90 178 383 632 808 818 1119 1145 
91 179 384 633 809 819 1120 1146 
92 180 385 634 756 820 1121 1147 
93 181 386 635 757 821 1122 1148 
94 182 387 636 758 822 1123 1149 
95 183 388 637 759 823 1124 1150 
132 280 442 558 650 937 1064 1219 
133 281 443 559 651 938 1065 1220 
134 282 444 560 652 939 1066 1221 
135 283 445 561 653 940 1067 1222 
136 284 446 562 654 941 1068 1223 
137 285 447 563 655 942 1069 1224 
138 286 448 564 656 943 1070 1225 
139 287 449 565 657 944 1071 1226 
140 288 450 566 658 945 1072 1227 
141 289 451 567 659 946 1073 1228 
142 290 452 568 660 947 1074 1229 
143 291 453 569 661 948 1075 1230 
144 292 454 570 662 949 1076 1231 
145 293 455 571 663 950 1077 1232 
146 294 456 572 664 951 1078 1233 
147 295 457 573 665 952 1079 1234 
148 296 458 574 666 953 1026 1235 
149 297 459 575 667 954 1027 1236 
150 298 460 576 668 955 1028 1237 
151 299 461 577 669 956 1029 1238 
152 300 462 578 670 957 1030 1239 
153 301 463 579 671 958 1031 1240 
154 302 464 580 672 959 1032 1241 
155 303 465 581 673 960 1033 1188 
156 304 466 582 674 961 1034 1189 
157 305 467 583 675 962 1035 1190 
158 306 468 584 676 963 1036 1191 
159 307 469 585 677 964 1037 1192 
160 308 470 586 678 965 1038 1193 
161 309 471 587 679 966 1039 1194 
108 310 472 588 680 967 1040 1195 
109 311 473 589 681 968 1041 1196 
110 312 474 590 682 969 1042 1197 
111 313 475 591 683 970 1043 1198 
112 314 476 592 684 971 1044 1199 
113 315 477 593 685 918 1045 1200 
114 316 478 540 686 919 1046 1201 
115 317 479 541 687 920 1047 1202 
116 318 480 542 688 921 1048 1203 
117 319 481 543 689 922 1049 1204 
118 320 482 544 690 923 1050 1205 
119 321 483 545 691 924 1051 1206 
120 322 484 546 692 925 1052 1207 
121 323 485 547 693 926 1053 1208 
122 270 432 548 694 927 1054 1209 
123 271 433 549 695 928 1055 1210 
124 272 434 550 696 929 1056 1211 
125 273 435 551 697 930 1057 1212 
126 274 436 552 698 931 1058 1213 
127 275 437 553 699 932 1059 1214 
128 276 438 554 700 933 1060 1215 
129 277 439 555 701 934 1061 1216 
130 278 440 556 648 935 1062 1217 
131 279 441 557 649 936 1063 1218 
148 305 463 505 651 852 1068 1227 
149 306 464 506 652 853 1069 1228 
150 307 465 507 653 854 1070 1229 
151 308 466 508 654 855 1071 1230 
152 309 467 509 655 856 1072 1231 
153 310 468 510 656 857 1073 1232 
154 311 469 511 657 858 1074 1233 
155 312 470 512 658 859 1075 1234 
156 313 471 513 659 860 1076 1235 
157 314 472 514 660 861 1077 1236 
158 315 473 515 661 862 1078 1237 
159 316 474 516 662 863 1079 1238 
160 317 475 517 663 810 1026 1239 
161 318 476 518 664 811 1027 1240 
108 319 477 519 665 812 1028 1241 
109 320 478 520 666 813 1029 1188 
110 321 479 521 667 814 1030 1189 
111 322 480 522 668 815 1031 1190 
112 323 481 523 669 816 1032 1191 
113 270 482 524 670 817 1033 1192 
114 271 483 525 671 818 1034 1193 
115 272 484 526 672 819 1035 1194 
116 273 485 527 673 820 1036 1195 
117 274 432 528 674 821 1037 1196 
118 275 433 529 675 822 1038 1197 
119 276 434 530 676 823 1039 1198 
120 277 435 531 677 824 1040 1199 
121 278 436 532 678 825 1041 1200 
122 279 437 533 679 826 1042 1201 
123 280 438 534 680 827 1043 1202 
124 281 439 535 681 828 1044 1203 
125 282 440 536 682 829 1045 1204 
126 283 441 537 683 830 1046 1205 
127 284 442 538 684 831 1047 1206 
128 285 443 539 685 832 1048 1207 
129 286 444 486 686 833 1049 1208 
130 287 445 487 687 834 1050 1209 
131 288 446 488 688 835 1051 1210 
132 289 447 489 689 836 1052 1211 
133 290 448 490 690 837 1053 1212 
134 291 449 491 691 838 1054 1213 
135 292 450 492 692 839 1055 1214 
136 293 451 493 693 840 1056 1215 
137 294 452 494 694 841 1057 1216 
138 295 453 495 695 842 1058 1217 
139 296 454 496 696 843 1059 1218 
140 297 455 497 697 844 1060 1219 
141 298 456 498 698 845 1061 1220 
142 299 457 499 699 846 1062 1221 
143 300 458 500 700 847 1063 1222 
144 301 459 501 701 848 1064 1223 
145 302 460 502 648 849 1065 1224 
146 303 461 503 649 850 1066 1225 
147 304 462 504 650 851 1067 1226 
83 162 407 545 803 946 1108 1175 
84 163 408 546 804 947 1109 1176 
85 164 409 547 805 948 1110 1177 
86 165 410 548 806 949 1111 1178 
87 166 411 549 807 950 1112 1179 
88 167 412 550 808 951 1113 1180 
89 168 413 551 809 952 1114 1181 
90 169 414 552 756 953 1115 1182 
91 170 415 553 757 954 1116 1183 
92 171 416 554 758 955 1117 1184 
93 172 417 555 759 956 1118 1185 
94 173 418 556 760 957 1119 1186 
95 174 419 557 761 958 1120 1187 
96 175 420 558 762 959 1121 1134 
97 176 421 559 763 960 1122 1135 
98 177 422 560 764 961 1123 1136 
99 178 423 561 765 962 1124 1137 
100 179 424 562 766 963 1125 1138 
101 180 425 563 767 964 1126 1139 
102 181 426 564 768 965 1127 1140 
103 182 427 565 769 966 1128 1141 
104 183 428 566 770 967 1129 1142 
105 184 429 567 771 968 1130 1143 
106 185 430 568 772 969 1131 1144 
107 186 431 569 773 970 1132 1145 
54 187 378 570 774 971 1133 1146 
55 188 379 571 775 918 1080 1147 
56 189 380 572 776 919 1081 1148 
57 190 381 573 777 920 1082 1149 
58 191 382 574 778 921 1083 1150 
59 192 383 575 779 922 1084 1151 
60 193 384 576 780 923 1085 1152 
61 194 385 577 781 924 1086 1153 
62 195 386 578 782 925 1087 1154 
63 196 387 579 783 926 1088 1155 
64 197 388 580 784 927 1089 1156 
65 198 389 581 785 928 1090 1157 
66 199 390 582 786 929 1091 1158 
67 200 391 583 787 930 1092 1159 
68 201 392 584 788 931 1093 1160 
69 202 393 585 789 932 1094 1161 
70 203 394 586 790 933 1095 1162 
71 204 395 587 791 934 1096 1163 
72 205 396 588 792 935 1097 1164 
73 206 397 589 793 936 1098 1165 
74 207 398 590 794 937 1099 1166 
75 208 399 591 795 938 1100 1167 
76 209 400 592 796 939 1101 1168 
77 210 401 593 797 940 1102 1169 
78 211 402 540 798 941 1103 1170 
79 212 403 541 799 942 1104 1171 
80 213 404 542 800 943 1105 1172 
81 214 405 543 801 944 1106 1173 
82 215 406 544 802 945 1107 1174 
9 223 344 595 721 869 997 1283 
10 224 345 596 722 870 998 1284 
11 225 346 597 723 871 999 1285 
12 226 347 598 724 872 1000 1286 
13 227 348 599 725 873 1001 1287 
14 228 349 600 726 874 1002 1288 
15 229 350 601 727 875 1003 1289 
16 230 351 602 728 876 1004 1290 
17 231 352 603 729 877 1005 1291 
18 232 353 604 730 878 1006 1292 
19 233 354 605 731 879 1007 1293 
20 234 355 606 732 880 1008 1294 
21 235 356 607 733 881 1009 1295 
22 236 357 608 734 882 1010 1242 
23 237 358 609 735 883 1011 1243 
24 238 359 610 736 884 1012 1244 
25 239 360 611 737 885 1013 1245 
26 240 361 612 738 886 1014 1246 
27 241 362 613 739 887 1015 1247 
28 242 363 614 740 888 1016 1248 
29 243 364 615 741 889 1017 1249 
30 244 365 616 742 890 1018 1250 
31 245 366 617 743 891 1019 1251 
32 246 367 618 744 892 1020 1252 
33 247 368 619 745 893 1021 1253 
34 248 369 620 746 894 1022 1254 
35 249 370 621 747 895 1023 1255 
36 250 371 622 748 896 1024 1256 
37 251 372 623 749 897 1025 1257 
38 252 373 624 750 898 972 1258 
39 253 374 625 751 899 973 1259 
40 254 375 626 752 900 974 1260 
41 255 376 627 753 901 975 1261 
42 256 377 628 754 902 976 1262 
43 257 324 629 755 903 977 1263 
44 258 325 630 702 904 978 1264 
45 259 326 631 703 905 979 1265 
46 260 327 632 704 906 980 1266 
47 261 328 633 705 907 981 1267 
48 262 329 634 706 908 982 1268 
49 263 330 635 707 909 983 1269 
50 264 331 636 708 910 984 1270 
51 265 332 637 709 911 985 1271 
52 266 333 638 710 912 986 1272 
53 267 334 639 711 913 987 1273 
0 268 335 640 712 914 988 1274 
1 269 336 641 713 915 989 1275 
2 216 337 642 714 916 990 1276 
3 217 338 643 715 917 991 1277 
4 218 339 644 716 864 992 1278 
5 219 340 645 717 865 993 1279 
6 220 341 646 718 866 994 1280 
7 221 342 647 719 867 995 1281 
8 222 343 594 720 868 996 1282 
161 273 458 543 786 923 1061 1232 
108 274 459 544 787 924 1062 1233 
109 275 460 545 788 925 1063 1234 
110 276 461 546 789 926 1064 1235 
111 277 462 547 790 927 1065 1236 
112 278 463 548 791 928 1066 1237 
113 279 464 549 792 929 1067 1238 
114 280 465 550 793 930 1068 1239 
115 281 466 551 794 931 1069 1240 
116 282 467 552 795 932 1070 1241 
117 283 468 553 796 933 1071 1188 
118 284 469 554 797 934 1072 1189 
119 285 470 555 798 935 1073 1190 
120 286 471 556 799 936 1074 1191 
121 287 472 557 800 937 1075 1192 
122 288 473 558 801 938 1076 1193 
123 289 474 559 802 939 1077 1194 
124 290 475 560 803 940 1078 1195 
125 291 476 561 804 941 1079 1196 
126 292 477 562 805 942 1026 1197 
127 293 478 563 806 943 1027 1198 
128 294 479 564 807 944 1028 1199 
129 295 480 565 808 945 1029 1200 
130 296 481 566 809 946 1030 1201 
131 297 482 567 756 947 1031 1202 
132 298 483 568 757 948 1032 1203 
133 299 484 569 758 949 1033 1204 
134 300 485 570 759 950 1034 1205 
135 301 432 571 760 951 1035 1206 
136 302 433 572 761 952 1036 1207 
137 303 434 573 762 953 1037 1208 
138 304 435 574 763 954 1038 1209 
139 305 436 575 764 955 1039 1210 
140 306 437 576 765 956 1040 1211 
141 307 438 577 766 957 1041 1212 
142 308 439 578 767 958 1042 1213 
143 309 440 579 768 959 1043 1214 
144 310 441 580 769 960 1044 1215 
145 311 442 581 770 961 1045 1216 
146 312 443 582 771 962 1046 1217 
147 313 444 583 772 963 1047 1218 
148 314 445 584 773 964 1048 1219 
149 315 446 585 774 965 1049 1220 
150 316 447 586 775 966 1050 1221 
151 317 448 587 776 967 1051 1222 
152 318 449 588 777 968 1052 1223 
153 319 450 589 778 969 1053 1224 
154 320 451 590 779 970 1054 1225 
155 321 452 591 780 971 1055 1226 
156 322 453 592 781 918 1056 1227 
157 323 454 593 782 919 1057 1228 
158 270 455 540 783 920 1058 1229 
159 271 456 541 784 921 1059 1230 
160 272 457 542 785 922 1060 1231 
58 220 383 607 690 860 1116 1172 
59 221 384 608 691 861 1117 1173 
60 222 385 609 692 862 1118 1174 
61 223 386 610 693 863 1119 1175 
62 224 387 611 694 810 1120 1176 
63 225 388 612 695 811 1121 1177 
64 226 389 613 696 812 1122 1178 
65 227 390 614 697 813 1123 1179 
66 228 391 615 698 814 1124 1180 
67 229 392 616 699 815 1125 1181 
68 230 393 617 700 816 1126 1182 
69 231 394 618 701 817 1127 1183 
70 232 395 619 648 818 1128 1184 
71 233 396 620 649 819 1129 1185 
72 234 397 621 650 820 1130 1186 
73 235 398 622 651 821 1131 1187 
74 236 399 623 652 822 1132 1134 
75 237 400 624 653 823 1133 1135 
76 238 401 625 654 824 1080 1136 
77 239 402 626 655 825 1081 1137 
78 240 403 627 656 826 1082 1138 
79 241 404 628 657 827 1083 1139 
80 242 405 629 658 828 1084 1140 
81 243 406 630 659 829 1085 1141 
82 244 407 631 660 830 1086 1142 
83 245 408 632 661 831 1087 1143 
84 246 409 633 662 832 1088 1144 
85 247 410 634 663 833 1089 1145 
86 248 411 635 664 834 1090 1146 
87 249 412 636 665 835 1091 1147 
88 250 413 637 666 836 1092 1148 
89 251 414 638 667 837 1093 1149 
90 252 415 639 668 838 1094 1150 
91 253 416 640 669 839 1095 1151 
92 254 417 641 670 840 1096 1152 
93 255 418 642 671 841 1097 1153 
94 256 419 643 672 842 1098 1154 
95 257 420 644 673 843 1099 1155 
96 258 421 645 674 844 1100 1156 
97 259 422 646 675 845 1101 1157 
98 260 423 647 676 846 1102 1158 
99 261 424 594 677 847 1103 1159 
100 262 425 595 678 848 1104 1160 
101 263 426 596 679 849 1105 1161 
102 264 427 597 680 850 1106 1162 
103 265 428 598 681 851 1107 1163 
104 266 429 599 682 852 1108 1164 
105 267 430 600 683 853 1109 1165 
106 268 431 601 684 854 1110 1166 
107 269 378 602 685 855 1111 1167 
54 216 379 603 686 856 1112 1168 
55 217 380 604 687 857 1113 1169 
56 218 381 605 688 858 1114 1170 
57 219 382 606 689 859 1115 1171 
39 179 360 520 748 876 980 1257 
40 180 361 521 749 877 981 1258 
41 181 362 522 750 878 982 1259 
42 182 363 523 751 879 983 1260 
43 183 364 524 752 880 984 1261 
44 184 365 525 753 881 985 1262 
45 185 366 526 754 882 986 1263 
46 186 367 527 755 883 987 1264 
47 187 368 528 702 884 988 1265 
48 188 369 529 703 885 989 1266 
49 189 370 530 704 886 990 1267 
50 190 371 531 705 887 991 1268 
51 191 372 532 706 888 992 1269 
52 192 373 533 707 889 993 1270 
53 193 374 534 708 890 994 1271 
0 194 375 535 709 891 995 1272 
1 195 376 536 710 892 996 1273 
2 196 377 537 711 893 997 1274 
3 197 324 538 712 894 998 1275 
4 198 325 539 713 895 999 1276 
5 199 326 486 714 896 1000 1277 
6 200 327 487 715 897 1001 1278 
7 201 328 488 716 898 1002 1279 
8 202 329 489 717 899 1003 1280 
9 203 330 490 718 900 1004 1281 
10 204 331 491 719 901 1005 1282 
11 205 332 492 720 902 1006 1283 
12 206 333 493 721 903 1007 1284 
13 207 334 494 722 904 1008 1285 
14 208 335 495 723 905 1009 1286 
15 209 336 496 724 906 1010 1287 
16 210 337 497 725 907 1011 1288 
17 211 338 498 726 908 1012 1289 
18 212 339 499 727 909 1013 1290 
19 213 340 500 728 910 1014 1291 
20 214 341 501 729 911 1015 1292 
21 215 342 502 730 912 1016 1293 
22 162 343 503 731 913 1017 1294 
23 163 344 504 732 914 1018 1295 
24 164 345 505 733 915 1019 1242 
25 165 346 506 734 916 1020 1243 
26 166 347 507 735 917 1021 1244 
27 167 348 508 736 864 1022 1245 
28 168 349 509 737 865 1023 1246 
29 169 350 510 738 866 1024 1247 
30 170 351 511 739 867 1025 1248 
31 171 352 512 740 868 972 1249 
32 172 353 513 741 869 973 1250 
33 173 354 514 742 870 974 1251 
34 174 355 515 743 871 975 1252 
35 175 356 516 744 872 976 1253 
36 176 357 517 745 873 977 1254 
37 177 358 518 746 874 978 1255 
38 178 359 519 747 875 979 1256 
